0 -4.96820706795192e-07
0.05 -2.30806303835607e-06
0.1 -6.61413877227743e-06
0.15 -1.08310609631447e-05
0.2 -1.56396692729582e-05
0.25 -1.87532866112621e-05
0.3 -2.32971096727337e-05
0.35 -2.52308632048479e-05
0.4 -2.8436975449732e-05
0.45 -3.14822859743638e-05
0.5 -3.06015492139668e-05
0.55 -3.61896649637753e-05
0.6 -3.78180361387046e-05
0.65 -3.68698919237216e-05
0.7 -3.96376349324134e-05
0.75 -4.02402617014639e-05
0.8 -3.12898048608178e-05
0.85 -1.71642312141945e-05
0.9 -1.71642312141945e-05
0.95 -1.71642312141945e-05
1 -1.71642312141945e-05
1.05 -1.71642312141945e-05
1.1 -1.71642312141945e-05
1.15 -1.71642312141945e-05
1.2 -1.71642312141945e-05
1.25 -1.71642312141945e-05
1.3 -1.71642312141945e-05
1.35 -1.71642312141945e-05
1.4 -1.71642312141945e-05
1.45 -1.71642312141945e-05
1.5 -1.71642312141945e-05
1.55 -1.71642312141945e-05
1.6 -0.00622280642416597
1.65 -0.0108557804613988
1.7 0.00983316032344178
1.75 0.0026538912260076
1.8 0.00247998493626674
1.85 -0.00222700875021661
1.9 -6.95550014415209e-05
1.95 4.37411906026587e-05
2 0.000142850788455652
2.05 0.000229913010347106
2.1 0.00251776676110339
2.15 0.0246349258290378
2.2 0.0220192792741939
2.25 0.0297275603163464
2.3 0.0350144024478249
2.35 0.104055308824961
2.4 0.0855620331301365
2.45 0.0820237087904064
2.5 0.0648662845650929
2.55 0.0985895599645767
2.6 0.068892605270946
2.65 0.106725384234359
2.7 0.0991245341812228
2.75 0.116619353773894
2.8 0.0971615436703684
2.85 0.0676816417838872
2.9 0.0123753175864265
2.95 0.0457791836341576
3 0.19492597005859
3.05 0.104644738269727
3.1 0.0657343109992397
3.15 0.0845189444345659
3.2 0.333583875146032
3.25 0.821032304789002
3.3 0.682428684961397
3.35 0.416350395390828
3.4 0.081987919644297
3.45 -0.203046443871821
3.5 -0.632960697648116
3.55 -0.875643656951655
3.6 -0.766801314724282
3.65 -0.436685679179178
3.7 -0.0744789054512911
3.75 -0.00165179798548464
3.8 -0.17329181905405
3.85 -0.525346952446246
3.9 -0.800139677530986
3.95 -1.09881806022743
4 -1.16892789334563
4.05 -1.3906057953242
4.1 -0.509602601512478
4.15 -0.409791034265605
4.2 -0.0940948661747556
4.25 -0.0968411240352678
4.3 -0.0197895980942029
4.35 -0.0356783633497289
4.4 -0.052510231304845
4.45 -0.013978056979819
4.5 -0.0125737428231974
4.55 -0.0403501906810797
4.6 -0.00936025518904468
4.65 -0.0180293463893419
4.7 -0.0553863251200869
4.75 -0.0629393675129806
4.8 -0.0810658223448375
4.85 -0.0771084212441729
4.9 -0.101466420446825
4.95 -0.0958727598971646
5 -0.261116213892373
5.05 -0.282366926026816
5.1 -0.127831187570429
5.15 -0.0598318689369685
5.2 -0.108808545425295
5.25 -0.128607654261731
5.3 -0.436062943023089
5.35 -0.620614812403329
5.4 -0.861547997796218
5.45 -0.67869494643932
5.5 -1.41610787818948
5.55 -2.34079262482122
5.6 -1.92326554896286
5.65 -2.18313020828982
5.7 -2.35683925046787
5.75 -2.44526424681221
5.8 -2.53409600186152
5.85 -2.17039902883454
5.9 -1.61855293763314
5.95 -1.09262075023739
6 -0.930654983257675
6.05 -0.948144861338462
6.1 -0.845649092603218
6.15 -0.868398659229979
6.2 -0.872759181282396
6.25 -0.883950943757331
6.3 -0.866978162377348
6.35 -0.897085135585566
6.4 -0.945374363795275
6.45 -1.31652898643304
6.5 -1.33074627154707
6.55 -1.65870549816401
6.6 -1.11441684175414
6.65 -0.923913834430806
6.7 -0.872307400588454
6.75 -0.93048708345802
6.8 -0.956370901513405
6.85 -0.948508946911326
6.9 -0.916299132824432
6.95 -0.948127302999985
7 -0.955033074853128
7.05 -1.14318170169465
7.1 -1.38789527193087
7.15 -1.69144499029339
7.2 -2.34409732701822
7.25 -2.45891321775691
7.3 -2.51338585318326
7.35 -3.01813171306431
7.4 -3.16401135883915
7.45 -2.43224085404209
7.5 -3.74473052104651
7.55 -2.96107407363976
7.6 -2.48544105093448
7.65 -1.8777577582681
7.7 -1.63726212314646
7.75 -1.68267147931732
7.8 -1.77684870874722
7.85 -1.63835935815351
7.9 -1.57942716684406
7.95 -1.59604269338303
8 -1.64058855806169
8.05 -1.58447585852236
8.1 -1.60952179502683
8.15 -1.63738646733447
8.2 -1.62205513600633
8.25 -1.62854498733368
8.3 -1.57173329472624
8.35 -1.61351527373521
8.4 -1.62744817144338
8.45 -1.605948054319
8.5 -1.61071598187545
8.55 -1.60253390947632
8.6 -1.61958263263139
8.65 -1.5589210497715
8.7 -1.56992932678276
8.75 -1.63755281332151
8.8 -1.60769111644576
8.85 -1.66171536883436
8.9 -1.7160420020112
8.95 -1.6955867712296
9 -1.69095456480168
9.05 -1.71384966094697
9.1 -1.88861765530621
9.15 -2.14726500776627
9.2 -2.31492398591522
9.25 -2.60253885925835
9.3 -2.59535567382531
9.35 -2.80695722949283
9.4 -2.79589804400447
9.45 -2.92753236038909
9.5 -2.96771117713593
9.55 -2.82878831198536
9.6 -3.09337118119542
9.65 -3.04610864091937
9.7 -3.05816931707624
9.75 -3.1784736001125
9.8 -3.14406442959357
9.85 -3.55275677761874
9.9 -3.28136730660024
9.95 -3.50751031988918
10 -3.39103410394145
10.05 -3.05686180657479
10.1 -3.78472405262003
10.15 -3.91595568100067
10.2 -3.76715292202548
10.25 -3.64971218120745
10.3 -3.67722797603272
10.35 -3.5800815902154
10.4 -3.91598840133676
10.45 -3.31229306161984
10.5 -2.79159078255958
10.55 -2.66823130186977
10.6 -2.6299695095605
10.65 -2.64049254168724
10.7 -2.6871758845368
10.75 -2.58997641828042
10.8 -2.55830725423246
10.85 -2.53358532558267
10.9 -2.53093518072647
10.95 -2.53993490548869
11 -2.50313475364103
11.05 -2.56954569444982
11.1 -2.62460792817386
11.15 -2.65885485001892
11.2 -2.64214654407253
11.25 -2.59475326058764
11.3 -2.63703512828477
11.35 -2.63317106197273
11.4 -2.61415375695069
11.45 -2.58113699027705
11.5 -2.54431474882026
11.55 -2.49659191236387
11.6 -2.51791620676135
11.65 -2.4197734346931
11.7 -2.3505029993237
11.75 -2.42906471786642
11.8 -2.57695100597242
11.85 -2.62258366364146
11.9 -2.78451475328745
11.95 -2.97674381274247
12 -3.20405158155839
12.05 -3.34050927011054
12.1 -3.5248770379725
12.15 -3.61702511906045
12.2 -3.65844332024967
12.25 -3.62544022849409
12.3 -3.83302986151029
12.35 -4.02762556000116
12.4 -3.70862196473986
12.45 -4.10018454596632
12.5 -4.34567287634395
12.55 -4.72479674824912
12.6 -4.48627565110374
12.65 -4.61907124358729
12.7 -4.17628671357395
12.75 -4.72042543674872
12.8 -6.15761724043959
12.85 -5.75699380732248
12.9 -5.74462672933352
12.95 -5.89105214757578
13 -6.14342347281184
13.05 -5.90026539941064
13.1 -5.38061190991356
13.15 -5.76161230560674
13.2 -4.6973550364738
13.25 -4.47736009816822
13.3 -4.53856868650645
13.35 -4.45565447156185
13.4 -4.44269939239041
13.45 -4.44599455065398
13.5 -4.37658783148299
13.55 -4.40166997327908
13.6 -4.45902151873035
13.65 -4.42909571542434
13.7 -4.45278985501375
13.75 -4.43214036942498
13.8 -4.4595193458823
13.85 -4.50246531175006
13.9 -4.51775980587591
13.95 -4.52412514526471
14 -4.49442104884673
14.05 -4.54396671621733
14.1 -4.46235188482663
14.15 -4.43086729897659
14.2 -3.91906236438238
14.25 -4.4008379583422
14.3 -4.84991455886169
14.35 -5.17363956913899
14.4 -5.5513330351825
14.45 -5.60297695677255
14.5 -4.84988082106644
14.55 -4.55071619456257
14.6 -4.54057147631108
14.65 -4.53471700713505
14.7 -4.59650496556158
14.75 -5.00060308711785
14.8 -5.59441763836113
14.85 -5.60846839722508
14.9 -6.01439869996077
14.95 -6.52515223435988
15 -5.95432780358543
15.05 -5.47444577261878
15.1 -4.95935650275811
15.15 -4.74260224081188
15.2 -4.7850363125512
15.25 -4.82414436932963
15.3 -4.76373941747061
15.35 -4.69204624531752
15.4 -4.70669630154562
15.45 -4.67513416825349
15.5 -4.67057746455383
15.55 -4.65171175358336
15.6 -4.72445160349186
15.65 -5.22029119396461
15.7 -5.54439980695433
15.75 -5.8991323802047
15.8 -5.92458402019688
15.85 -6.19759593596605
15.9 -6.36870614040799
15.95 -6.50341030484202
16 -6.80428913164669
16.05 -6.78368027730573
16.1 -7.08006238882328
16.15 -7.31889182267084
16.2 -7.46076222275944
16.25 -7.69998771929848
16.3 -8.13870843442477
16.35 -7.93576934251195
16.4 -7.25900203712998
16.45 -6.66502725627108
16.5 -6.32570525895023
16.55 -6.21624261549791
16.6 -6.23292326227984
16.65 -6.28716125693952
16.7 -6.27274188349757
16.75 -6.30701471949817
16.8 -6.19937406361154
16.85 -6.19715440418007
16.9 -6.15279118298534
16.95 -6.14533638166443
17 -6.15140282125583
17.05 -6.24422672401413
17.1 -6.25772366822003
17.15 -6.09670031275815
17.2 -6.0935754511948
17.25 -6.11199878174654
17.3 -6.30783546982409
17.35 -6.85169496181318
17.4 -7.15125123821382
17.45 -7.44646387831087
17.5 -7.64704178252811
17.55 -7.95829806598343
17.6 -8.01701680658543
17.65 -8.18578938889178
17.7 -8.451428373586
17.75 -8.74602582815649
17.8 -8.88437974737559
17.85 -8.99421333713767
17.9 -9.18799503814851
17.95 -9.43900986442184
18 -8.28911909967349
18.05 -9.98009665481668
18.1 -11.314544983139
18.15 -10.8271452167241
18.2 -10.9194310975214
18.25 -10.3642573073372
18.3 -10.366476875581
18.35 -9.78504978067131
18.4 -9.19523196276147
18.45 -9.09599693249262
18.5 -9.12803865895899
18.55 -9.33196881783758
18.6 -9.7052403680996
18.65 -10.0766085541387
18.7 -10.1186567364197
18.75 -11.0208576351148
18.8 -11.1342519032031
18.85 -11.4249115456776
18.9 -10.9302955705369
18.95 -10.4765696474821
19 -9.95153153765981
19.05 -9.61338564159237
19.1 -9.60672803994329
19.15 -9.61261711765763
19.2 -9.54003594942303
19.25 -9.48119250597918
19.3 -9.55956509212851
19.35 -9.54291306344409
19.4 -9.58344604632104
19.45 -9.62631724323847
19.5 -9.65770510834269
19.55 -9.66688219035258
19.6 -9.65822125559062
19.65 -9.68446424837338
19.7 -9.64613155071844
19.75 -9.63343583191105
19.8 -9.68669584877615
19.85 -9.64070200592732
19.9 -9.61204958552749
19.95 -9.45933936940721
20 -9.37314558580298
20.05 -9.27392600073986
20.1 -9.41637076774048
20.15 -9.62176916496103
20.2 -9.64607415656599
20.25 -9.60625145489283
20.3 -9.24664171038184
20.35 -8.95483182193721
20.4 -8.66272767723484
20.45 -8.31737286356144
20.5 -8.21231204851998
20.55 -8.00901342282345
20.6 -7.93116658806425
20.65 -7.65443203377144
20.7 -7.96455193499903
20.75 -8.41770363053045
20.8 -8.96087090001706
20.85 -9.13718443151405
20.9 -9.17103630306489
20.95 -9.27288584735897
21 -9.16489950041931
21.05 -9.12272456006568
21.1 -9.13919610669221
21.15 -9.17508137521411
21.2 -9.19480322585223
21.25 -9.17140933509488
21.3 -9.17124781046269
21.35 -8.75327648651809
21.4 -8.59996340900585
21.45 -7.89313700991155
21.5 -7.9264614447796
21.55 -7.69533062855942
21.6 -7.44112637005293
21.65 -7.52588164516296
21.7 -7.11341251203681
21.75 -7.23108493961928
21.8 -7.20417117011453
21.85 -6.72425851154406
21.9 -6.59566298572707
21.95 -6.61392857853741
22 -6.21878203697228
22.05 -6.14035429244737
22.1 -5.87357105953672
22.15 -6.35671763518316
22.2 -6.65882493558807
22.25 -7.10170666145792
22.3 -7.34493402481629
22.35 -7.54443718500646
22.4 -7.63709145615129
22.45 -7.64138090422487
22.5 -7.62428508633069
22.55 -7.55073425018308
22.6 -7.56215320787533
22.65 -7.51709149338562
22.7 -7.50902123796163
22.75 -7.53131602749414
22.8 -7.49551396911525
22.85 -7.48890098400588
22.9 -7.54525196850059
22.95 -7.5556338757185
23 -7.5314722310327
23.05 -7.46112513474075
23.1 -7.45333144104605
23.15 -7.52986646764842
23.2 -7.55958474001205
23.25 -7.49910228327822
23.3 -7.2570931217187
23.35 -7.06058994740473
23.4 -6.93937143356437
23.45 -6.49905837740105
23.5 -6.40209280823094
23.55 -6.09026292781517
23.6 -6.04551793367456
23.65 -5.72039895711765
23.7 -5.40142643515083
23.75 -5.29715771603574
23.8 -4.98621690115617
23.85 -4.48583385534841
23.9 -4.517374577534
23.95 -3.95229126527204
24 -4.30301710644297
24.05 -3.26297877603328
24.1 -3.16016200661361
24.15 -4.04908632922395
24.2 -4.67632063665404
24.25 -5.00204210652657
24.3 -5.22758432131535
24.35 -5.22755377968331
24.4 -5.26389856396412
24.45 -5.24749732215093
24.5 -5.24568251402731
24.55 -5.24531066012658
24.6 -5.24531081776733
24.65 -5.24530804727729
24.7 -5.24529902007331
24.75 -5.24530689694735
24.8 -5.24530782361244
24.85 -5.24529589115842
24.9 -5.24746769574991
24.95 -5.23347439946492
25 -5.19734958506645
25.05 -5.21212054044328
25.1 -5.2229853802344
25.15 -5.12813563315675
25.2 -5.11281254827777
25.25 -5.14162519307125
25.3 -5.10319134040078
25.35 -5.13167216929434
25.4 -5.14021521814218
25.45 -5.13410352922344
25.5 -5.2141447536319
25.55 -5.23902523394895
25.6 -5.22504534643778
25.65 -5.07437361081744
25.7 -5.01387415417888
25.75 -5.18433574908236
25.8 -4.87477480478791
25.85 -5.18101352190612
25.9 -5.2630259246987
25.95 -5.20670559013401
26 -5.23246420485851
26.05 -5.1938631252297
26.1 -5.10916399663939
26.15 -5.19460467267614
26.2 -5.20593135743124
26.25 -5.1938498878319
26.3 -5.20723749617719
26.35 -5.20274674534284
26.4 -5.23395862452263
26.45 -4.98492430618195
26.5 -4.73919121074558
26.55 -4.55438995506525
26.6 -4.46107823505339
26.65 -4.91947800478103
26.7 -4.78672866350457
26.75 -4.51498094819726
26.8 -4.6074182586605
26.85 -4.66458026885051
26.9 -4.79012698087436
26.95 -4.85740254664316
27 -5.08840367294202
27.05 -5.1406911987781
27.1 -5.21660181124536
27.15 -5.22813903194267
27.2 -5.42278447471879
27.25 -5.32569610230532
27.3 -5.27230978007727
27.35 -5.17181003546727
27.4 -5.02601315194937
27.45 -4.97718749478179
27.5 -4.58136900573346
27.55 -4.33042338942636
27.6 -4.15725813429411
27.65 -3.92173407219131
27.7 -4.5511931793679
27.75 -4.91325756321464
27.8 -5.13132144604775
27.85 -5.18818650363771
27.9 -5.21889062768081
27.95 -5.22339659774569
28 -5.19871875904849
28.05 -5.20518856973534
28.1 -5.20345310443712
28.15 -5.20544006851283
28.2 -5.20549119085312
28.25 -5.20550081047408
28.3 -5.20548110573461
28.35 -5.19309214400111
28.4 -5.28754589556274
28.45 -5.28404321933106
28.5 -5.22564456499445
28.55 -5.23991112841325
28.6 -5.2085861413129
28.65 -5.21125046214247
28.7 -5.14867332556662
28.75 -5.18977670327912
28.8 -5.24328644982854
28.85 -5.27085190230902
28.9 -5.3077146693347
28.95 -5.31942873096164
29 -5.3251084207612
29.05 -5.32512021410544
29.1 -5.27563696249241
29.15 -5.25486521375089
29.2 -5.18701626621216
29.25 -5.1150326938931
29.3 -5.09805964175927
29.35 -5.13965112191453
29.4 -5.18147737255699
29.45 -5.19404876408522
29.5 -5.22300953195611
29.55 -5.16059925699445
29.6 -5.15859946607438
29.65 -5.16946877767281
29.7 -5.19750288647049
29.75 -5.20802883925655
29.8 -5.18267134270058
29.85 -4.84471870633594
29.9 -4.38182222142575
29.95 -4.51618659670967
30 -3.25743843194802
30.05 -3.38724989288315
30.1 -3.22638604405848
30.15 -3.05588104111985
30.2 -2.60959175839693
30.25 -3.29954674665466
30.3 -3.52209249152912
30.35 -4.15372817421005
30.4 -4.41003161946073
30.45 -4.51229361778337
30.5 -4.53701763526756
30.55 -4.48711866992639
30.6 -4.49742464594938
30.65 -4.40357840261347
30.7 -4.00825237173673
30.75 -3.62800706272152
30.8 -3.23179062767128
30.85 -2.88972748822823
30.9 -3.00141870753113
30.95 -3.5135474319986
31 -3.91787110689851
31.05 -4.288651363263
31.1 -4.29480574754536
31.15 -4.41905929717187
31.2 -4.31284160221187
31.25 -4.28794947864116
31.3 -4.27002130983846
31.35 -4.22167475839369
31.4 -4.19851540680136
31.45 -4.21850297428392
31.5 -4.26579782797022
31.55 -4.26368908151843
31.6 -4.17391394086573
31.65 -4.19239589737399
31.7 -4.22119279866845
31.75 -4.26949746750552
31.8 -4.24480518442483
31.85 -4.19013988504909
31.9 -4.24877423245529
31.95 -4.3188489192081
32 -4.28262223076609
32.05 -4.23741127370982
32.1 -4.30217192943029
32.15 -4.33214285009762
32.2 -4.35713343335261
32.25 -4.30595802340736
32.3 -4.0757490825821
32.35 -3.92014196777962
32.4 -3.91254339331318
32.45 -4.10510404001202
32.5 -4.23901270668233
32.55 -4.33081890324566
32.6 -4.17800674027659
32.65 -4.19211190037706
32.7 -4.25324844273869
32.75 -4.21890772095747
32.8 -4.22616678220638
32.85 -4.24367132023247
32.9 -4.26194281709311
32.95 -4.29763702029195
33 -4.30357545540788
33.05 -4.27358224925204
33.1 -4.27685456965833
33.15 -4.30528717638985
33.2 -4.27402318820153
33.25 -3.82006649213448
33.3 -3.41905554358386
33.35 -3.28054352601984
33.4 -3.15728824900987
33.45 -3.75098093642856
33.5 -4.17090478685056
33.55 -4.34528333137991
33.6 -4.23497881611912
33.65 -4.17457827107191
33.7 -3.93092978269837
33.75 -3.53738442607311
33.8 -3.251521615501
33.85 -3.05361695412072
33.9 -2.47143718679457
33.95 -2.43649379683536
34 -2.26863545886937
34.05 -3.00930350380689
34.1 -0.527457008780583
34.15 -1.01306903001882
34.2 -1.02748385227429
34.25 -1.48117373149184
34.3 -1.61396931143574
34.35 -2.40406563201349
34.4 -2.66004877865162
34.45 -2.7974269860647
34.5 -2.77414172323452
34.55 -2.75533417118616
34.6 -2.78463806875128
34.65 -2.78749025176887
34.7 -2.78350175100673
34.75 -2.7832807558332
34.8 -2.78328687972626
34.85 -2.78327317734032
34.9 -2.76886181923642
34.95 -2.79025565058149
35 -2.73093158630312
35.05 -2.74643370621026
35.1 -2.7028749949402
35.15 -2.63160873054978
35.2 -2.66584644028194
35.25 -2.73816922345101
35.3 -2.73294112214906
35.35 -2.69849588230441
35.4 -2.67054875432952
35.45 -2.65193030703481
35.5 -2.71006533592781
35.55 -2.67028108610184
35.6 -2.70575788934011
35.65 -2.66793856278478
35.7 -2.68559164295567
35.75 -2.67682887896864
35.8 -2.68459822007683
35.85 -2.67653086223556
35.9 -2.58744196494592
35.95 -2.67790818528966
36 -2.6872685018169
36.05 -2.72769936590828
36.1 -2.77452900219153
36.15 -2.78190299133759
36.2 -2.79598078612377
36.25 -2.70556713731069
36.3 -2.38027900097825
36.35 -2.23327667044265
36.4 -1.63714323873913
36.45 -1.5100605253349
36.5 -1.39166100914264
36.55 -1.12438403483457
36.6 -2.09443953198776
36.65 0.54450159241106
36.7 -0.389625454949691
36.75 -0.287279074233573
36.8 -0.0891490048183759
36.85 0.1707235794005
36.9 0.285965867904399
36.95 0.516602156506564
37 0.454373483825659
37.05 0.753031286939572
37.1 1.07825275420569
37.15 1.29516448178771
37.2 1.31638985444071
37.25 0.807535449710228
37.3 0.411782109436065
37.35 -0.0573218371454658
37.4 -0.306631659780388
37.45 -0.347812297793074
37.5 -0.382762149238248
37.55 -0.37722105999921
37.6 -0.364047410593402
37.65 -0.363224107266932
37.7 -0.360037746652867
37.75 -0.326912561619631
37.8 -0.364142277616135
37.85 -0.308581646152984
37.9 -0.255680494179524
37.95 -0.253592232345259
38 -0.294185482158926
38.05 -0.291207630418503
38.1 -0.284634428430523
38.15 -0.206314005413067
38.2 -0.182478365498928
38.25 -0.253494343003035
38.3 -0.283350083448236
38.35 -0.344572977572581
38.4 -0.377636603410603
38.45 -0.337468774535182
38.5 -0.249331520586738
38.55 0.0568744196215223
38.6 0.327103299252131
38.65 0.50943070632568
38.7 0.8306329047956
38.75 1.13730514533642
38.8 1.2985480400912
38.85 1.64033767290846
38.9 1.25916395367156
38.95 2.57013096805464
39 2.11991831225597
39.05 2.74218820305835
39.1 2.63828286146689
39.15 3.10990112939418
39.2 3.26407427623639
39.25 2.21658643825336
39.3 1.63769916127049
39.35 2.0257578138606
39.4 1.39197542284835
39.45 1.43666558817141
39.5 1.32400853180486
39.55 1.33640865455231
39.6 1.33104209428301
39.65 1.33036774747464
39.7 1.330347855973
39.75 1.33033418628343
39.8 1.50243831551574
39.85 1.46877664756587
39.9 1.43145744486805
39.95 1.45610920123148
40 1.38681347453597
40.05 1.36413313788498
40.1 1.43833750607538
40.15 1.46667947328657
40.2 1.43104228933309
40.25 1.37135579243052
40.3 1.40437952838036
40.35 1.41809715994414
40.4 1.43487977804967
40.45 1.40785337032999
40.5 1.39330238882815
40.55 1.36626861812459
40.6 1.39981876941471
40.65 1.38039801544641
40.7 1.88401444066695
40.75 2.18028325213279
40.8 2.09702274693164
40.85 2.63098482870906
40.9 2.69141088673871
40.95 2.90540781153049
41 3.23315047984926
41.05 3.31449533785469
41.1 3.37151543067393
41.15 3.38500343485547
41.2 4.32936842710369
41.25 4.23718819068053
41.3 4.20117170389356
41.35 4.29698152199374
41.4 4.44192031439512
41.45 5.13544215516441
41.5 4.78420674715372
41.55 4.37108905582781
41.6 3.85046282098298
41.65 3.3816706205909
41.7 3.24728839062592
41.75 3.18666467940423
41.8 3.19572270086175
41.85 3.18957146284642
41.9 3.24277905331309
41.95 3.23867041259375
42 3.29774305702386
42.05 3.35934601632495
42.1 3.34091411252375
42.15 3.31152629175399
42.2 3.28886793333237
42.25 3.28037044946562
42.3 3.2649251881233
42.35 3.2567839158765
42.4 3.27821303442491
42.45 3.34690099241464
42.5 3.54903512600163
42.55 3.366751414226
42.6 3.28111850721417
42.65 3.28946528513163
42.7 3.72966254273357
42.75 4.03825012542709
42.8 4.34446495250211
42.85 4.45392338422041
42.9 4.71185955229081
42.95 4.48536557620839
43 4.06827281427112
43.05 3.54277566861385
43.1 3.3912383601939
43.15 3.35029571391348
43.2 3.35149484463792
43.25 3.34518633896356
43.3 3.35498889695082
43.35 3.36783077188916
43.4 3.41420519088534
43.45 3.40429622181146
43.5 3.42603314422025
43.55 3.38632406083341
43.6 3.40638339864939
43.65 3.38616752637829
43.7 3.3888184719306
43.75 3.37225255105933
43.8 3.37164699331037
43.85 3.37511428669974
43.9 3.35865935704631
43.95 3.35677248610036
44 3.35946091024869
44.05 3.34933472369546
44.1 3.3489799372886
44.15 3.34890699698608
44.2 3.34896066192361
44.25 3.34887974663151
44.3 3.3488305715787
44.35 3.34870060565628
44.4 3.34876664794031
44.45 3.34878503575401
44.5 3.34871580369373
44.55 3.34872834353754
44.6 3.34871238250724
44.65 3.34871945785148
44.7 3.34870846092342
44.75 3.34870232153133
44.8 3.34868583287225
44.85 3.3486834374467
44.9 3.34868932370464
44.95 3.34870283994694
45 3.34870046068807
45.05 3.34869426054043
45.1 3.34868420600219
45.15 3.34865159450473
45.2 3.3486072578017
45.25 3.34851646045209
45.3 3.34845950082732
45.35 3.34840388718
45.4 3.34834791764109
45.45 3.34830904603652
45.5 3.34826572643559
45.55 3.34816963720544
45.6 3.34812592394596
45.65 3.34808608402332
45.7 3.34808317457337
45.75 3.34808317457337
45.8 3.34808317457337
45.85 3.34808317457337
45.9 3.34808317457337
45.95 3.34808317457337
46 3.34808317457337
46.05 3.34808317457337
46.1 3.34808317457337
46.15 3.34808317457337
46.2 3.34808317457337
46.25 3.34808317457337
46.3 3.34808317457337
46.35 3.34808317457337
46.4 3.34808317457337
46.45 3.34808317457337
46.5 3.34808317457337
46.55 3.34808317457337
46.6 3.34808317457337
46.65 3.34808317457337
46.7 3.34808317457337
46.75 3.34808317457337
46.8 3.34808317457337
46.85 3.34808317457337
46.9 3.34808317457337
46.95 3.34808317457337

0 4.38734409669798e-06
0.05 2.95413969568774e-06
0.1 -5.53550403204523e-07
0.15 -5.37531608251313e-06
0.2 -1.01708051894876e-05
0.25 -1.31471514161836e-05
0.3 -1.74875735784435e-05
0.35 -2.00570452865138e-05
0.4 -2.35917130028809e-05
0.45 -2.66232956937299e-05
0.5 -2.60411336312774e-05
0.55 -3.1990953407681e-05
0.6 -3.35642922337346e-05
0.65 -3.23934431372895e-05
0.7 -3.5100476735999e-05
0.75 -3.6961658203391e-05
0.8 -2.83442641127668e-05
0.85 -1.25615873815549e-05
0.9 -1.25615873815549e-05
0.95 -1.25615873815549e-05
1 -1.25615873815549e-05
1.05 -1.25615873815549e-05
1.1 -1.25615873815549e-05
1.15 -1.25615873815549e-05
1.2 -1.25615873815549e-05
1.25 -1.25615873815549e-05
1.3 -1.25615873815549e-05
1.35 -1.25615873815549e-05
1.4 -1.25615873815549e-05
1.45 -1.25615873815549e-05
1.5 -1.25615873815549e-05
1.55 -1.25615873815549e-05
1.6 -0.00621749445099271
1.65 -0.0108503206861702
1.7 0.00983865881909932
1.75 0.00265993550535738
1.8 0.00248626873189225
1.85 -0.00221842103421249
1.9 -6.03192341899516e-05
1.95 5.41809204942394e-05
2 0.000155684155456071
2.05 0.000242829224028756
2.1 0.00253089660908078
2.15 0.024646680825106
2.2 0.0220309103079143
2.25 0.0297413095737349
2.3 0.0350304996996832
2.35 0.104071377162779
2.4 0.0855756104976278
2.45 0.0820384153241711
2.5 0.0648817662414571
2.55 0.0986037167010945
2.6 0.0689065795165489
2.65 0.106741263702544
2.7 0.0991409752691586
2.75 0.116636284057449
2.8 0.0971811754092876
2.85 0.0677019651467369
2.9 0.0123960052865986
2.95 0.0457987016342531
3 0.194946059583701
3.05 0.104665814963085
3.1 0.0657540579044155
3.15 0.0845380298703701
3.2 0.333808447414707
3.25 0.826541431618711
3.3 0.694048520939829
3.35 0.444667279391505
3.4 0.223104061022626
3.45 0.240162991383591
3.5 -0.0308721576077674
3.55 -0.292675800939187
3.6 -0.224658123333242
3.65 0.148856021897021
3.7 0.669775493067713
3.75 0.937367663902917
3.8 0.904716316303584
3.85 0.566795338000842
3.9 0.184790053079384
3.95 -0.325225553849431
4 -0.646151062706627
4.05 -1.16191839381473
4.1 -0.332823132356795
4.15 -0.154494291199169
4.2 0.314988952827375
4.25 0.487507178486479
4.3 0.739236525997168
4.35 0.875905112282906
4.4 0.97754764384944
4.45 1.12150589736659
4.5 1.18924782769867
4.55 1.18127027659336
4.6 1.22383552266996
4.65 1.22312656813899
4.7 1.18959157976857
4.75 1.18436730841993
4.8 1.16758369734848
4.85 1.17264105602984
4.9 1.14875544350756
4.95 1.15473515632136
5 0.987706232410741
5.05 0.964284637545885
5.1 1.11843573955492
5.15 1.18692878748615
5.2 1.13811924039696
5.25 1.1182609938199
5.3 0.809426174960807
5.35 0.622724834782371
5.4 0.37907949907923
5.45 0.560031465599935
5.5 -0.180609788118886
5.55 -1.11048258298942
5.6 -0.696563263231896
5.65 -0.959210836242452
5.7 -1.1353074579458
5.75 -1.22559963908203
5.8 -1.31586220151424
5.85 -0.953003292237846
5.9 -0.401496973882167
5.95 0.124375061720536
6 0.28635723187959
6.05 0.268875045355257
6.1 0.371386301979278
6.15 0.348648542695019
6.2 0.344298835026975
6.25 0.33311698579296
6.3 0.350100049415354
6.35 0.319997916102741
6.4 0.27171308437046
6.45 -0.0994621801742537
6.5 -0.113695334995177
6.55 -0.441678032319923
6.6 0.102598832693985
6.65 0.293101432749888
6.7 0.344708965483957
6.75 0.286527519495278
6.8 0.260643947740063
6.85 0.268510823141795
6.9 0.30072359502017
6.95 0.26889472258995
7 0.261991557429809
7.05 0.0738471964817588
7.1 -0.170872935139082
7.15 -0.474422873391054
7.2 -1.12707771426159
7.25 -1.24190049887611
7.3 -1.29637907044066
7.35 -1.80113357965097
7.4 -1.947019361784
7.45 -1.21524690129307
7.5 -2.52773612669243
7.55 -1.74408039585173
7.6 -1.26845236563632
7.65 -0.660771736117987
7.7 -0.420281511146934
7.75 -0.465694852277811
7.8 -0.559874044459143
7.85 -0.421380441146024
7.9 -0.362448585799028
7.95 -0.379064673339345
8 -0.423609108121374
8.05 -0.367500075729786
8.1 -0.392549276713757
8.15 -0.420418263737546
8.2 -0.405087896903508
8.25 -0.411576468766685
8.3 -0.354759651442372
8.35 -0.39653907856683
8.4 -0.410472109904508
8.45 -0.388973563528044
8.5 -0.393742972128614
8.55 -0.38556403076822
8.6 -0.402620400166962
8.65 -0.341956721204339
8.7 -0.352964150464911
8.75 -0.420586545177098
8.8 -0.390728204685034
8.85 -0.444754325952599
8.9 -0.49908168012597
8.95 -0.478627171128968
9 -0.473991301838813
9.05 -0.496888162880256
9.1 -0.671654868751601
9.15 -0.93030487004717
9.2 -1.09796403492608
9.25 -1.38557814759238
9.3 -1.37839632914343
9.35 -1.58999539065349
9.4 -1.57893464806179
9.45 -1.71056669153115
9.5 -1.75074714361753
9.55 -1.61182486377879
9.6 -1.87641147974898
9.65 -1.82914909348898
9.7 -1.84120980891824
9.75 -1.96151659806084
9.8 -1.92710644526164
9.85 -2.33579788451893
9.9 -2.06440907780398
9.95 -2.2905539226033
10 -2.17408106931344
10.05 -1.83990500663766
10.1 -2.56776443765812
10.15 -2.69899421103729
10.2 -2.55019081584274
10.25 -2.43274509195703
10.3 -2.46025832158843
10.35 -2.36310750679783
10.4 -2.69901397924442
10.45 -2.09532162776404
10.5 -1.5746201180238
10.55 -1.45126357937884
10.6 -1.41300625343588
10.65 -1.42352849738066
10.7 -1.47021243046345
10.75 -1.37301397925263
10.8 -1.34134308789377
10.85 -1.31661592756589
10.9 -1.31396524129642
10.95 -1.32296730047369
11 -1.28616539595023
11.05 -1.35257519654197
11.1 -1.40763794376826
11.15 -1.44188511381377
11.2 -1.42517685498233
11.25 -1.37777818655399
11.3 -1.42005677204716
11.35 -1.41618953253987
11.4 -1.39717131902546
11.45 -1.36415147391452
11.5 -1.32732601684094
11.55 -1.27960209986232
11.6 -1.30092462317446
11.65 -1.20278126799286
11.7 -1.13351337218854
11.75 -1.21207230929879
11.8 -1.35995560102699
11.85 -1.40558305573454
11.9 -1.56751225280343
11.95 -1.75974153380479
12 -1.98704861873853
12.05 -2.12350548029171
12.1 -2.30787306774449
12.15 -2.40001700578723
12.2 -2.4414364301416
12.25 -2.40843531393555
12.3 -2.61602791944447
12.35 -2.81062225255372
12.4 -2.49161937533559
12.45 -2.88317997176915
12.5 -3.12866692928605
12.55 -3.50779748808347
12.6 -3.26927552053134
12.65 -3.40206828871836
12.7 -2.95928743361176
12.75 -3.50342696102597
12.8 -4.94061497604754
12.85 -4.53999287341679
12.9 -4.5276290270947
12.95 -4.6740556120383
13 -4.92642759829337
13.05 -4.68327107251634
13.1 -4.16361833570668
13.15 -4.54461600272292
13.2 -3.48035747696987
13.25 -3.26035708470073
13.3 -3.32156599839103
13.35 -3.23865099839454
13.4 -3.22569368136132
13.45 -3.22899036187046
13.5 -3.15958478306823
13.55 -3.18466443176897
13.6 -3.24201894925547
13.65 -3.21209024832069
13.7 -3.23578893660088
13.75 -3.21513956076542
13.8 -3.24251990887196
13.85 -3.28546547332598
13.9 -3.3007552176819
13.95 -3.30712058368965
14 -3.27741783753983
14.05 -3.32695967750105
14.1 -3.24534486398029
14.15 -3.21386254446985
14.2 -2.70205941814224
14.25 -3.18383029720481
14.3 -3.63290338887169
14.35 -3.9566284369696
14.4 -4.33432279481408
14.45 -4.38596486629648
14.5 -3.63286815057216
14.55 -3.33370486898656
14.6 -3.32355888142383
14.65 -3.31770162709937
14.7 -3.37948682066071
14.75 -3.78358346167371
14.8 -4.37739826121114
14.85 -4.39144784187545
14.9 -4.79738101620923
14.95 -5.30813891353453
15 -4.73731759633117
15.05 -4.25744148312826
15.1 -3.74235436380469
15.15 -3.52559806151379
15.2 -3.56803232981068
15.25 -3.60714111162795
15.3 -3.54673832753984
15.35 -3.47504514846311
15.4 -3.48969484201272
15.45 -3.45813687332932
15.5 -3.45358291114383
15.55 -3.43472570306509
15.6 -3.50747498661607
15.65 -4.00331452191872
15.7 -4.32742331867916
15.75 -4.68215753324541
15.8 -4.707612038508
15.85 -4.98062634780987
15.9 -5.15173347655532
15.95 -5.28643444974257
16 -5.58731101139645
16.05 -5.56669926015412
16.1 -5.86308006536463
16.15 -6.10191240104469
16.2 -6.243777756641
16.25 -6.48300223851373
16.3 -6.92172003072351
16.35 -6.71878009371649
16.4 -6.0420119176219
16.45 -5.44803775942986
16.5 -5.10871805434882
16.55 -4.9992586422829
16.6 -5.01594065670055
16.65 -5.07018099853895
16.7 -5.0557638412588
16.75 -5.09003583834735
16.8 -4.982392087689
16.85 -4.98016859587224
16.9 -4.93580438141084
16.95 -4.92834760357926
17 -4.93442108897925
17.05 -5.02724652718044
17.1 -5.04074300352716
17.15 -4.87971875471871
17.2 -4.8765945153683
17.25 -4.89501646335266
17.3 -5.09084264043899
17.35 -5.30081633516476
17.4 -4.76839167864644
17.45 -4.42063714152214
17.5 -4.22275358527622
17.55 -4.33489097005211
17.6 -4.27627383022012
17.65 -4.3764660351717
17.7 -4.64288330166522
17.75 -5.00762648738909
17.8 -5.2170102690181
17.85 -5.71227506208185
17.9 -6.28988882086949
17.95 -6.78344628121668
18 -5.706073928966
18.05 -7.51161182189612
18.1 -8.99298299015572
18.15 -8.58893338239016
18.2 -8.72853916012608
18.25 -8.19650344743599
18.3 -8.21249483517502
18.35 -7.6369164569908
18.4 -7.04759890564863
18.45 -6.9479516771098
18.5 -6.97986685947392
18.55 -7.1842265609137
18.6 -7.55867266128559
18.65 -7.93177741701646
18.7 -7.97538889861916
18.75 -8.87994979182126
18.8 -8.99553299763756
18.85 -9.28804091796311
18.9 -8.7944959028863
18.95 -8.3412479309647
19 -7.81633700773894
19.05 -7.47817338929594
19.1 -7.47149343994452
19.15 -7.47737303443458
19.2 -7.40477520782383
19.25 -7.34591040464163
19.3 -7.42427142782034
19.35 -7.40760866611696
19.4 -7.44813725616415
19.45 -7.49100622793132
19.5 -7.52239494370446
19.55 -7.53157533750513
19.6 -7.52291571969295
19.65 -7.54916069961254
19.7 -7.51082780007487
19.75 -7.49813272678217
19.8 -7.55139226852084
19.85 -7.50539364155622
19.9 -7.47674306576849
19.95 -7.3240308242662
20 -7.23783729133869
20.05 -7.13861670864548
20.1 -7.28105783135352
20.15 -7.48645840538147
20.2 -7.5107685980559
20.25 -7.47094717207371
20.3 -7.111337280204
20.35 -6.81952424829093
20.4 -6.52741860672945
20.45 -6.18205814949891
20.5 -6.0769948258213
20.55 -5.87369230128833
20.6 -5.79584525096335
20.65 -5.51911217548989
20.7 -5.82922738466673
20.75 -6.28237469638686
20.8 -6.82553892199822
20.85 -7.00185234348868
20.9 -7.03570222211571
20.95 -7.13755445889095
21 -7.02957040233503
21.05 -6.98739352544114
21.1 -7.00386171635399
21.15 -7.03974436837604
21.2 -7.05946028440665
21.25 -7.03606540358039
21.3 -7.03590651743184
21.35 -6.61793879969636
21.4 -6.46462248070162
21.45 -5.757796039298
21.5 -5.79111554078804
21.55 -5.55998371892939
21.6 -5.30577779793964
21.65 -5.39053402545252
21.7 -4.97806042752299
21.75 -5.09572910099037
21.8 -5.06881453502673
21.85 -4.58890496505628
21.9 -4.46031103759987
21.95 -4.47857476543584
22 -4.08343028285388
22.05 -4.00500114205503
22.1 -3.73821777958588
22.15 -4.22136202308475
22.2 -4.52347083198965
22.25 -4.9663546251662
22.3 -5.20958555995013
22.35 -5.40909318223558
22.4 -5.5017475804192
22.45 -5.50603819691361
22.5 -5.48894519438928
22.55 -5.41539445219526
22.6 -5.42681129001346
22.65 -5.38174517623059
22.7 -5.37367804183433
22.75 -5.39597274276193
22.8 -5.3601725021221
22.85 -5.35356057268747
22.9 -5.40991210373766
22.95 -5.42029516826787
23 -5.39613725033295
23.05 -5.32579176452524
23.1 -5.31799944834577
23.15 -5.39453295528777
23.2 -5.42425634671069
23.25 -5.36377645035218
23.3 -5.12177002056696
23.35 -4.92526663917481
23.4 -4.80404559587218
23.45 -4.36372984131141
23.5 -4.26676069910287
23.55 -3.95492955582512
23.6 -3.91018285428459
23.65 -3.58506140736414
23.7 -3.26609112795192
23.75 -3.1618201837994
23.8 -2.85087796430144
23.85 -2.35049319777411
23.9 -2.38203293738941
23.95 -1.81694987455734
24 -2.16767272154514
24.05 -1.12762827533697
24.1 -1.02481003284488
24.15 -1.91373779977264
24.2 -2.54097363339215
24.25 -2.86669375807992
24.3 -3.09223650947117
24.35 -3.09220936905957
24.4 -3.12855271121873
24.45 -3.11215040206859
24.5 -3.11033692661238
24.55 -3.109961425269
24.6 -3.10996125412213
24.65 -3.10996003124058
24.7 -3.10995141642742
24.75 -3.10996173261984
24.8 -3.10996366064094
24.85 -3.10995387148725
24.9 -3.11212211557174
24.95 -3.09812922627318
25 -3.06200335368859
25.05 -3.07677166925847
25.1 -3.08763423419881
25.15 -2.99277970519339
25.2 -2.97745609480937
25.25 -3.00627208646074
25.3 -2.96783044047831
25.35 -2.99631200230678
25.4 -3.00485227298626
25.45 -2.99873937449819
25.5 -3.07878142133861
25.55 -3.10366506924747
25.6 -3.08968994260107
25.65 -2.9390178330132
25.7 -2.87851990686763
25.75 -3.04897947264195
25.8 -2.73941546452646
25.85 -3.04565506556747
25.9 -3.12766667008378
25.95 -3.07134773537261
26 -3.09710648555164
26.05 -3.05850084235508
26.1 -2.97380276244291
26.15 -3.05923515178555
26.2 -3.07055920014712
26.25 -3.05847666789022
26.3 -3.0718552147486
26.35 -3.06735997292763
26.4 -3.09857000131589
26.45 -2.84953082288028
26.5 -2.60379838955296
26.55 -2.41899644344306
26.6 -2.32568373958182
26.65 -2.78407901063776
26.7 -2.65132711719623
26.75 -2.37958079106087
26.8 -2.47201673044189
26.85 -2.52917775601451
26.9 -2.65472685319361
26.95 -2.72200030008417
27 -2.95299848021065
27.05 -3.00528123738735
27.1 -3.08119400875151
27.15 -3.0927333750248
27.2 -3.28737543838585
27.25 -3.19028346304197
27.3 -3.13689206287848
27.35 -3.03638963796305
27.4 -2.89059137532204
27.45 -2.84176386011959
27.5 -2.44594256542398
27.55 -2.19499941682356
27.6 -2.02183315641324
27.65 -1.78631197019012
27.7 -2.41577328467258
27.75 -2.77784583731067
27.8 -2.99591178203912
27.85 -3.05278322694962
27.9 -3.08348297364157
27.95 -3.08798707152896
28 -3.06330874456802
28.05 -3.06977688164339
28.1 -3.06804421263587
28.15 -3.07003714321135
28.2 -3.07008992382736
28.25 -3.07010010317226
28.3 -3.0700800968731
28.35 -3.05768615352229
28.4 -3.15214368521311
28.45 -3.14863881689175
28.5 -3.09024269856879
28.55 -3.10450867531463
28.6 -3.07318512580433
28.65 -3.07585688680843
28.7 -3.01327935537689
28.75 -3.05437846922283
28.8 -3.10788858060075
28.85 -3.13545407021789
28.9 -3.17231709865031
28.95 -3.18403254623047
29 -3.18971792454097
29.05 -3.18973029256641
29.1 -3.14024952062428
29.15 -3.11947943546863
29.2 -3.05163087079103
29.25 -2.97964835952151
29.3 -2.96267145434602
29.35 -3.00426578618534
29.4 -3.04609351791344
29.45 -3.05866401677574
29.5 -3.08762808886688
29.55 -3.0252154311651
29.6 -3.02321658650976
29.65 -3.03408998475924
29.7 -3.06212387511643
29.75 -3.07265175454704
29.8 -3.04729300690412
29.85 -2.70934546175569
29.9 -2.24644994650864
29.95 -2.38081501058926
30 -1.12206659448853
30.05 -1.25187736030149
30.1 -1.09100903483463
30.15 -0.920500628712418
30.2 -0.474209728136442
30.25 -1.16416610550151
30.3 -1.38671095833933
30.35 -2.01834438567787
30.4 -2.27465039958591
30.45 -2.37691738874877
30.5 -2.40164587462352
30.55 -2.35174848887761
30.6 -2.36205106163419
30.65 -2.26820057430425
30.7 -1.87287316196015
30.75 -1.49262661906793
30.8 -1.09641015659681
30.85 -0.754346387832831
30.9 -0.866034820577906
30.95 -1.37816298410718
31 -1.78249124347352
31.05 -2.15326987324828
31.1 -2.15942493127067
31.15 -2.28368060783426
31.2 -2.1774653036002
31.25 -2.15256981725439
31.3 -2.13464180508948
31.35 -2.0862958934283
31.4 -2.06313942078626
31.45 -2.08312772161297
31.5 -2.13041793115788
31.55 -2.12830630681199
31.6 -2.03852476636729
31.65 -2.05700410664032
31.7 -2.08580006860821
31.75 -2.13410358352567
31.8 -2.1094046326308
31.85 -2.05473604334992
31.9 -2.1133667752143
31.95 -2.18344138125341
32 -2.14719200896177
32.05 -2.20194486767134
32.1 -2.35217683091595
32.15 -2.37264466366742
32.2 -2.37619429425176
32.25 -2.28135987819775
32.3 -1.94165939634716
32.35 -1.61867797366393
32.4 -1.43468079088944
32.45 -1.51228408644692
32.5 -1.5927264372509
32.55 -1.66899069581773
32.6 -1.47984347032574
32.65 -1.4423103017545
32.7 -1.46707467172174
32.75 -1.39702554753975
32.8 -1.36990584141472
32.85 -1.35548541854957
32.9 -1.34444987249857
32.95 -1.3685436905571
33 -1.3700016670576
33.05 -1.32476908814273
33.1 -1.31102908915804
33.15 -1.32947599057661
33.2 -1.28869409673586
33.25 -0.713175517390439
33.3 -0.0389343984072268
33.35 0.432051912208137
33.4 0.891043226035225
33.45 0.453302413575337
33.5 -0.00359271593034492
33.55 -0.303992170293758
33.6 -0.239699546522768
33.65 -0.160853779739192
33.7 0.123120552128684
33.75 0.580101177246187
33.8 0.935773414262587
33.85 1.19827947157895
33.9 1.85321874956612
33.95 1.94763544704057
34 2.16202104774966
34.05 1.44269339652352
34.1 3.97394603921668
34.15 3.52372225396815
34.2 3.52937394158868
34.25 3.08624363493524
34.3 2.95951642906806
34.35 2.17120941401325
34.4 1.91543482896704
34.45 1.77797676535858
34.5 1.80123550876531
34.55 1.82007074422304
34.6 1.79077197899591
34.65 1.78791960349868
34.7 1.79190749053361
34.75 1.79212850047866
34.8 1.79212478123063
34.85 1.79213988466571
34.9 1.80655254254201
34.95 1.78515860085302
35 1.84449159544733
35.05 1.82899302864626
35.1 1.87256519206034
35.15 1.94384651339071
35.2 1.90962170798454
35.25 1.83730132784158
35.3 1.8425300781408
35.35 1.8769901977366
35.4 1.90494666941429
35.45 1.92357254498042
35.5 1.86543921797236
35.55 1.90522865947503
35.6 1.86975915730558
35.65 1.90757995149423
35.7 1.88992823748978
35.75 1.89869390427951
35.8 1.89092410189492
35.85 1.89899110627601
35.9 1.98808192835124
35.95 1.89762131700824
36 1.88826429188021
36.05 1.84783233816595
36.1 1.8009991249673
36.15 1.79362529024892
36.2 1.77955311056537
36.25 1.86996557054171
36.3 2.19525659567253
36.35 2.34225461981669
36.4 2.93838875089055
36.45 3.06546982476947
36.5 3.18387166148059
36.55 3.45114909617949
36.6 2.48109374156543
36.65 5.12003707288219
36.7 4.18591217714103
36.75 4.28826094803158
36.8 4.48639262797758
36.85 4.74626533194831
36.9 4.86151095749501
36.95 5.09214421626695
37 5.02991241665185
37.05 5.32856693232037
37.1 5.65378406350729
37.15 5.87069834864849
37.2 5.8919246791922
37.25 5.38307280724142
37.3 4.9873221153809
37.35 4.51821927114008
37.4 4.2689082868728
37.45 4.22773224972487
37.5 4.19278219546458
37.55 4.1983192954899
37.6 4.21148873594837
37.65 4.21231648748875
37.7 4.21550299518718
37.75 4.24862183397315
37.8 4.21139506602281
37.85 4.2669594960218
37.9 4.31986359661881
37.95 4.32195706400153
38 4.28136323938911
38.05 4.28434160810442
38.1 4.29091779416346
38.15 4.36924145857523
38.2 4.39307122275311
38.25 4.32205626700179
38.3 4.29220393049821
38.35 4.23098072812647
38.4 4.19791605205102
38.45 4.23808338512636
38.5 4.32621981244417
38.55 4.6324246220718
38.6 4.90264996127712
38.65 5.08497622781359
38.7 5.40617685486777
38.75 5.71284922598039
38.8 5.87409032582318
38.85 6.21588200081139
38.9 5.83471081850984
38.95 7.14567233535575
39 6.69545144847622
39.05 7.31771797968749
39.1 7.21380625206572
39.15 7.68542154093354
39.2 7.83959460087659
39.25 6.79210862281192
39.3 6.21322552020967
39.35 6.60129003146587
39.4 5.96750769640634
39.45 6.01219965184283
39.5 5.89954711689704
39.55 5.91194683878077
39.6 5.90658283222003
39.65 5.9059111245906
39.7 5.9058913972178
39.75 5.90587719121215
39.8 6.07797988504842
39.85 6.04432043896954
39.9 6.00700087713111
39.95 6.03165248193836
40 5.96235679015364
40.05 5.93967157328672
40.1 6.01387490668203
40.15 6.04221920715322
40.2 6.00658332918037
40.25 5.94689941263872
40.3 5.97992133983204
40.35 5.99370574576776
40.4 5.78941264067253
40.45 5.16612526516117
40.5 4.57483660364043
40.55 4.0522884718563
40.6 3.66258481965181
40.65 3.26801752124724
40.7 3.55861132717334
40.75 3.80405962060506
40.8 3.86421425489758
40.85 4.64537809378134
40.9 4.88711279389299
40.95 5.23911363122149
41 5.68787364213838
41.05 5.86226111994345
41.1 5.98686870006168
41.15 6.04877563048466
41.2 7.04807319241308
41.25 6.99652131528119
41.3 6.98637509241381
41.35 7.10066525218982
41.4 7.25967458938092
41.45 7.96702054155438
41.5 7.62452625038555
41.55 7.21564738826265
41.6 6.69665813512559
41.65 6.22815865851386
41.7 6.09375214465825
41.75 6.03307451785293
41.8 6.04210296052558
41.85 6.03593015790123
41.9 6.08914342251491
41.95 6.08504185647532
42 6.14413907756994
42.05 6.20578367823666
42.1 6.18747201585239
42.15 5.53907992286439
42.2 4.43767722466413
42.25 3.61763722161802
42.3 3.0039777303488
42.35 2.50685149253366
42.4 2.10309252730837
42.45 1.8056519215963
42.5 1.74502131922861
42.55 1.30736406864032
42.6 0.956902444696587
42.65 0.710627149540895
42.7 1.04132414567826
42.75 1.40011453793132
42.8 1.86458614094432
42.85 2.1796405511989
42.9 2.69864349615026
42.95 2.65082803056753
43 2.23797184837012
43.05 1.53754717033288
43.1 1.13955509397707
43.15 0.85388741946641
43.2 0.631698952900196
43.25 0.426361468349563
43.3 0.259730115319442
43.35 0.194638244735496
43.4 0.24219915562462
43.45 0.23780892537182
43.5 0.26488757760679
43.55 0.227500167425644
43.6 0.249707482425411
43.65 0.230823482300669
43.7 0.234464155351525
43.75 0.218428207394764
43.8 0.218181989155147
43.85 0.222009196092485
43.9 0.205693547913854
43.95 0.203866699779236
44 0.206630976154642
44.05 0.196513407933329
44.1 0.19614659910759
44.15 0.196063715232417
44.2 0.196122013377435
44.25 0.196043091905323
44.3 0.196040581668164
44.35 0.195908319860054
44.4 0.195996730670259
44.45 0.196041434116053
44.5 0.195992715553373
44.55 0.196048163966407
44.6 0.196042695579102
44.65 0.196066593009183
44.7 0.196082849037715
44.75 0.196097287328587
44.8 0.19608678231005
44.85 0.196092886475046
44.9 0.196106588734422
44.95 0.196111084910764
45 0.19611258834456
45.05 0.196112450173682
45.1 0.196103735579398
45.15 0.196113745364503
45.2 0.196121870972781
45.25 0.196073969444982
45.3 0.196078777921235
45.35 0.196067950899245
45.4 0.196062647352812
45.45 0.196097304183949
45.5 0.196085192323768
45.55 0.196049739403967
45.6 0.196014279070547
45.65 0.195991866760831
45.7 0.195980070561568
45.75 0.195992515534879
45.8 0.196015434813968
45.85 0.196015434813968
45.9 0.196015434813968
45.95 0.196015434813968
46 0.196015434813968
46.05 0.196015434813968
46.1 0.196015434813968
46.15 0.196015434813968
46.2 0.196015434813968
46.25 0.196015434813968
46.3 0.196015434813968
46.35 0.196015434813968
46.4 0.196015434813968
46.45 0.196015434813968
46.5 0.196015434813968
46.55 0.196015434813968
46.6 0.196015434813968
46.65 0.196015434813968
46.7 0.196015434813968
46.75 0.196015434813968
46.8 0.196015434813968
46.85 0.196015434813968
46.9 0.196015434813968
46.95 0.196015434813968

0 4.38734409669798e-06
0.05 2.95413969568774e-06
0.1 -5.53550403204523e-07
0.15 -5.37531608251313e-06
0.2 -1.01708051894876e-05
0.25 -1.31471514161836e-05
0.3 -1.74875735784435e-05
0.35 -2.00570452865138e-05
0.4 -2.35917130028809e-05
0.45 -2.66232956937299e-05
0.5 -2.60411336312774e-05
0.55 -3.1990953407681e-05
0.6 -3.35642922337346e-05
0.65 -3.23934431372895e-05
0.7 -3.5100476735999e-05
0.75 -3.6961658203391e-05
0.8 -2.83442641127668e-05
0.85 -1.25615873815549e-05
0.9 -1.25615873815549e-05
0.95 -1.25615873815549e-05
1 -1.25615873815549e-05
1.05 -1.25615873815549e-05
1.1 -1.25615873815549e-05
1.15 -1.25615873815549e-05
1.2 -1.25615873815549e-05
1.25 -1.25615873815549e-05
1.3 -1.25615873815549e-05
1.35 -1.25615873815549e-05
1.4 -1.25615873815549e-05
1.45 -1.25615873815549e-05
1.5 -1.25615873815549e-05
1.55 -1.25615873815549e-05
1.6 -0.00621749445099271
1.65 -0.0108503206861702
1.7 0.00983865881909932
1.75 0.00265993550535738
1.8 0.00248626873189225
1.85 -0.00221842103421249
1.9 -6.03192341899516e-05
1.95 5.41809204942394e-05
2 0.000155684155456071
2.05 0.000242829224028756
2.1 0.00253089660908078
2.15 0.024646680825106
2.2 0.0220309103079143
2.25 0.0297413095737349
2.3 0.0350304996996832
2.35 0.104071377162779
2.4 0.0855756104976278
2.45 0.0820384153241711
2.5 0.0648817662414571
2.55 0.0986037167010945
2.6 0.0689065795165489
2.65 0.106741263702544
2.7 0.0991409752691586
2.75 0.116636284057449
2.8 0.0971811754092876
2.85 0.0677019651467369
2.9 0.0123960052865986
2.95 0.0457987016342531
3 0.194946059583701
3.05 0.104665814963085
3.1 0.0657540579044155
3.15 0.0845380298703701
3.2 0.333808447414707
3.25 0.826541431618711
3.3 0.694048520939829
3.35 0.444667279391505
3.4 0.146542142851796
3.45 -0.1090102550042
3.5 -0.553768772347431
3.55 -0.849728770356034
3.6 -0.797666936780102
3.65 -0.505103861520327
3.7 -0.147561259969879
3.75 -0.063462062522831
3.8 -0.229368984137489
3.85 -0.6031314220076
3.9 -0.931230046499324
3.95 -1.31430607126249
4 -1.48767517623194
4.05 -1.83482855367289
4.1 -1.01505392418374
4.15 -0.94127268284879
4.2 -0.62660576698226
4.25 -0.616459411814333
4.3 -0.516973688995045
4.35 -0.509080093043534
4.4 -0.504172658739517
4.45 -0.439600273199794
4.5 -0.421598924135335
4.55 -0.444260563085272
4.6 -0.40882285959981
4.65 -0.413835895872688
4.7 -0.449279986201762
4.75 -0.455618265097755
4.8 -0.473022611104002
4.85 -0.468465212284095
4.9 -0.492558744364863
4.95 -0.486749447137405
5 -0.65301224359727
5.05 -0.675514283313563
5.1 -0.521208293589126
5.15 -0.45292653406148
5.2 -0.501808657320191
5.25 -0.52164377402419
5.3 -0.8299236737871
5.35 -1.01576141138871
5.4 -1.25831210888694
5.45 -1.07659412428707
5.5 -1.81594670560625
5.55 -2.74375694002482
5.6 -2.32840394873359
5.65 -2.58994414083051
5.7 -2.76509247024289
5.75 -2.85464400208819
5.8 -2.94433988121008
5.85 -2.58115376916926
5.9 -2.02951278845272
5.95 -1.50361774019429
6 -1.34164184993644
6.05 -1.35912566833895
6.1 -1.25662035851461
6.15 -1.27936331621606
6.2 -1.28371909057573
6.25 -1.29490550481693
6.3 -1.27793070407662
6.35 -1.30803583854735
6.4 -1.3563214892117
6.45 -1.72748697821662
6.5 -1.741713114858
6.55 -2.069685332446
6.6 -1.52540453835
6.65 -1.33490280195805
6.7 -1.28329343920482
6.75 -1.34147264590143
6.8 -1.36735463453128
6.85 -1.35949680343601
6.9 -1.32729017731841
6.95 -1.35911959209783
7 -1.36602472049616
7.05 -1.55417616914819
7.1 -1.7988942774524
7.15 -2.10244349663973
7.2 -2.75509773754586
7.25 -2.86992178713054
7.3 -2.92439789201967
7.35 -3.42914693106257
7.4 -3.57502657483921
7.45 -2.84325520870988
7.5 -4.155746591143
7.55 -3.37209000318164
7.6 -2.89645530925269
7.65 -2.2887737378395
7.7 -2.04828316129166
7.75 -2.09369669209158
7.8 -2.18787282867479
7.85 -2.049382851096
7.9 -1.99045202767783
7.95 -2.00706674950476
8 -2.05161321988555
8.05 -1.99550161579114
8.1 -2.02054711134025
8.15 -2.04841420924494
8.2 -2.03308224622501
8.25 -2.03956976169519
8.3 -1.98275468268085
8.35 -2.02453670221233
8.4 -2.03846083637382
8.45 -2.01696385801564
8.5 -2.02173617586449
8.55 -2.013556112221
8.6 -2.03060811394344
8.65 -1.96994218068401
8.7 -1.98094942648138
8.75 -2.04856943888035
8.8 -2.01870748852524
8.85 -2.07273372446401
8.9 -2.12705665995699
8.95 -2.10659994769337
9 -2.10196939437361
9.05 -2.12486708286236
9.1 -2.29963314422972
9.15 -2.55828331438592
9.2 -2.72594810834393
9.25 -3.01356583291368
9.3 -3.00638476807629
9.35 -3.21798488288205
9.4 -3.2069285783645
9.45 -3.33856642270439
9.5 -3.37874702001363
9.55 -3.23982705283726
9.6 -3.50441173221223
9.65 -3.45715034767986
9.7 -3.46920836685684
9.75 -3.58951183546714
9.8 -3.55510139483482
9.85 -3.96379552670439
9.9 -3.69240245970664
9.95 -3.91854395742276
10 -3.80206873261009
10.05 -3.46789342971846
10.1 -4.19575176577595
10.15 -4.32698238961903
10.2 -4.17817920621268
10.25 -4.06073864923385
10.3 -4.08825146526014
10.35 -3.99110393637346
10.4 -4.32701331601776
10.45 -3.72332007164242
10.5 -3.20261581396441
10.55 -3.07925517408412
10.6 -3.04099231795625
10.65 -3.05151731260833
10.7 -3.09820071722561
10.75 -3.00100054376966
10.8 -2.96933344038289
10.85 -2.94460895738189
10.9 -2.94195581380111
10.95 -2.95095087060747
11 -2.91415224248625
11.05 -2.98056405708679
11.1 -3.03562553364865
11.15 -3.06986935668494
11.2 -3.05316384015204
11.25 -3.00576752731545
11.3 -3.04805020913304
11.35 -3.0441867676587
11.4 -3.02516455874003
11.45 -2.99214757939555
11.5 -2.95532173394746
11.55 -2.90759818891883
11.6 -2.92891700243011
11.65 -2.83077510759159
11.7 -2.76150505017422
11.75 -2.84006344064407
11.8 -2.98794877466187
11.85 -3.03357780784217
11.9 -3.19550693230016
11.95 -3.38773252222258
12 -3.61503891862053
12.05 -3.75149669933533
12.1 -3.93586097073078
12.15 -4.02800724237268
12.2 -4.06942559304937
12.25 -4.03642279266746
12.3 -4.24401592015237
12.35 -4.43860832040368
12.4 -4.11960536519939
12.45 -4.51116840709959
12.5 -4.75665867149171
12.55 -5.13578590864303
12.6 -4.89726230912721
12.65 -5.03005343701116
12.7 -4.58727170674784
12.75 -5.13140963064607
12.8 -6.56859985695556
12.85 -6.16797191865535
12.9 -6.15560312753929
12.95 -6.30202948060591
13 -6.55440199559587
13.05 -6.31124678274433
13.1 -5.79159332611424
13.15 -6.17259512768958
13.2 -5.10833569737829
13.25 -4.88834070404061
13.3 -4.94955358613448
13.35 -4.86664362966691
13.4 -4.85369294935969
13.45 -4.85699283040152
13.5 -4.78758526638229
13.55 -4.8126619632453
13.6 -4.8700184221923
13.65 -4.84009134164224
13.7 -4.86379100088247
13.75 -4.84314313554658
13.8 -4.87052669979307
13.85 -4.91347353625752
13.9 -4.92876634619585
13.95 -4.93513223439363
14 -4.90542744008176
14.05 -4.95496830271781
14.1 -4.87334943857095
14.15 -4.84186504474295
14.2 -4.3300578365195
14.25 -4.81182932998141
14.3 -5.26089977905152
14.35 -5.58462222413106
14.4 -5.96231898880844
14.45 -6.01396645025671
14.5 -5.26086511795524
14.55 -4.96169887025242
14.6 -4.95155300266348
14.65 -4.94569522272086
14.7 -5.00747667616953
14.75 -5.41157380474619
14.8 -6.00538900053122
14.85 -6.01943839177436
14.9 -6.42536825957622
14.95 -6.93612230344218
15 -6.36529921816648
15.05 -5.88542139350222
15.1 -5.37033401525218
15.15 -5.15358012431933
15.2 -5.19601292550278
15.25 -5.2351233108773
15.3 -5.17472232582679
15.35 -5.10302931805229
15.4 -5.11767747806875
15.45 -5.08612218657996
15.5 -5.08156746602068
15.55 -5.06270900607704
15.6 -5.13544796152348
15.65 -5.6312828222955
15.7 -5.95539350942452
15.75 -6.3101313887852
15.8 -6.33558326864408
15.85 -6.60859371135299
15.9 -6.77970447732338
15.95 -6.9144023847326
16 -7.21527723237584
16.05 -7.19466134142292
16.1 -7.49104660800853
16.15 -7.72987882411404
16.2 -7.8717458401496
16.25 -8.11096996082923
16.3 -8.54968849111476
16.35 -8.34674909248838
16.4 -7.66998451171336
16.45 -7.07600935542046
16.5 -6.73668777143875
16.55 -6.62722195180086
16.6 -6.64390273988318
16.65 -6.69814061261174
16.7 -6.68372239107139
16.75 -6.71799767434989
16.8 -6.6103570245459
16.85 -6.60813953450824
16.9 -6.56377135801919
16.95 -6.55631517588774
17 -6.56238538940141
17.05 -6.65521160803586
17.1 -6.66871062324422
17.15 -6.50768361365701
17.2 -6.50455946265518
17.25 -6.52298245593637
17.3 -6.7188114698554
17.35 -7.25196975403052
17.4 -7.52972850970392
17.45 -7.82704740935466
17.5 -8.06491416908271
17.55 -8.45258521972926
17.6 -8.60482312026302
17.65 -8.88014927775846
17.7 -9.27148507712024
17.75 -9.71518100062666
17.8 -10.0040738950054
17.85 -10.2796222028726
17.9 -10.6025466152669
17.95 -10.9472590540959
18 -9.82828114280884
18.05 -11.5710536683843
18.1 -12.9740494783967
18.15 -12.5264388500487
18.2 -12.6416960101952
18.25 -12.0978866724982
18.3 -12.1069245131001
18.35 -11.5284127266918
18.4 -10.9388456199622
18.45 -10.8394057133847
18.5 -10.8713798459395
18.55 -11.0755296351726
18.6 -11.4493952772872
18.65 -11.8216436618923
18.7 -11.8644865476003
18.75 -12.7678896240769
18.8 -12.882396635533
18.85 -13.1739963745916
18.9 -12.6799249737914
18.95 -12.2264450229496
19 -11.701470754457
19.05 -11.3633156694472
19.1 -11.3566491083284
19.15 -11.3625316441833
19.2 -11.289941259602
19.25 -11.2310870514224
19.3 -11.3094540129127
19.35 -11.2927945989768
19.4 -11.3333250455681
19.45 -11.376197476701
19.5 -11.4075818429894
19.55 -11.4167583972382
19.6 -11.4080964745458
19.65 -11.4343432056983
19.7 -11.3960081936642
19.75 -11.3833143410737
19.8 -11.4365720734209
19.85 -11.3905749573395
19.9 -11.3619262938187
19.95 -11.2092161911587
20 -11.1230202505446
20.05 -11.0238001429115
20.1 -11.1662370498758
20.15 -11.3716314434316
20.2 -11.3959393654635
20.25 -11.3561203066286
20.3 -10.9965131213684
20.35 -10.7046994451302
20.4 -10.4125959382373
20.45 -10.0672398086328
20.5 -9.96217718878915
20.55 -9.75887699866306
20.6 -9.68103125987176
20.65 -9.40429757480205
20.7 -9.71441330740802
20.75 -10.1675620930499
20.8 -10.7107322658297
20.85 -10.8870474288066
20.9 -10.9208993273393
20.95 -11.0227506966647
21 -10.914763677687
21.05 -10.8725878016136
21.1 -10.8890617957567
21.15 -10.9249461722548
21.2 -10.9446661415543
21.25 -10.9212753332501
21.3 -10.9211127400778
21.35 -10.5031429586953
21.4 -10.3498256971544
21.45 -9.64299725192958
21.5 -9.67631593906082
21.55 -9.44518380697301
21.6 -9.19097686679161
21.65 -9.27573459238896
21.7 -8.86326082568886
21.75 -8.9809324918871
21.8 -8.95401840705615
21.85 -8.47411084357027
21.9 -8.34551820033635
21.95 -8.36378170381492
22 -7.96863374892712
22.05 -7.89020376831192
22.1 -7.62341711239422
22.15 -8.10655967478858
22.2 -8.40867040455248
22.25 -8.85155142460065
22.3 -9.09478198210291
22.35 -9.29428670352611
22.4 -9.38693992082952
22.45 -9.39122821088828
22.5 -9.37412987041527
22.55 -9.30057918523592
22.6 -9.31200167096918
22.65 -9.26693872543423
22.7 -9.25887065030414
22.75 -9.28116213152016
22.8 -9.24536072570702
22.85 -9.23874702164262
22.9 -9.29509613710921
22.95 -9.30547757059272
23 -9.28131620845879
23.05 -9.21096846781878
23.1 -9.20317576240506
23.15 -9.27970589586395
23.2 -9.30942483853054
23.25 -9.24894053091281
23.3 -9.00693114807116
23.35 -8.81042766076496
23.4 -8.68920805107772
23.45 -8.24888892201805
23.5 -8.15192153032955
23.55 -7.84009329708702
23.6 -7.79534534261298
23.65 -7.47022374046736
23.7 -7.15125006846098
23.75 -7.04697891907148
23.8 -6.73604209495036
23.85 -6.23566141214262
23.9 -6.26720355082228
23.95 -5.70212026624142
24 -6.05284749688983
24.05 -5.0128076887209
24.1 -4.90998802318991
24.15 -5.79891292652201
24.2 -6.42614688879154
24.25 -6.75186804258823
24.3 -6.97741586687596
24.35 -6.97738679349401
24.4 -7.01373398746045
24.45 -6.99733572019884
24.5 -6.99552324914685
24.55 -6.99514920255849
24.6 -6.99515194098986
24.65 -6.99515003848754
24.7 -6.99514301165419
24.75 -6.99515135683036
24.8 -6.99515225995838
24.85 -6.99514316186237
24.9 -6.99731385093864
24.95 -6.98332361310587
25 -6.947198080985
25.05 -6.96196607249875
25.1 -6.97283353214008
25.15 -6.87798077923893
25.2 -6.86265752195887
25.25 -6.89147277745921
25.3 -6.85303518836685
25.35 -6.88152050546422
25.4 -6.89006390806444
25.45 -6.88395128145726
25.5 -6.96399165794395
25.55 -6.98887336642389
25.6 -6.97489476175947
25.65 -6.8242251259306
25.7 -6.76372763957035
25.75 -6.93418926541818
25.8 -6.62462668899961
25.85 -6.93086792607093
25.9 -7.0128827902473
25.95 -6.95656463235893
26 -6.98232208230186
26.05 -6.94372040304918
26.1 -6.85902280293518
26.15 -6.94445656770101
26.2 -6.95577809993346
26.25 -6.9436986893211
26.3 -6.95708126610659
26.35 -6.95258579347215
26.4 -6.98379793650944
26.45 -6.73476432332887
26.5 -6.48903565111484
26.55 -6.30423814050437
26.6 -6.21092578474069
26.65 -6.66932217767465
26.7 -6.53656946622998
26.75 -6.26482045761393
26.8 -6.35725695253496
26.85 -6.41441908465553
26.9 -6.53996898865214
26.95 -6.60724423567828
27 -6.8382436206867
27.05 -6.89052472060328
27.1 -6.96643401897287
27.15 -6.97797115754861
27.2 -7.17261078527661
27.25 -7.07552220694737
27.3 -7.02213123287032
27.35 -6.92163071342188
27.4 -6.77583660824181
27.45 -6.72700883528426
27.5 -6.33119235752604
27.55 -6.08025387592169
27.6 -5.9070861113863
27.65 -5.67156088961291
27.7 -6.301019700213
27.75 -6.6630917486398
27.8 -6.881161289285
27.85 -6.93802957461865
27.9 -6.96872847565473
27.95 -6.97323171424256
28 -6.94855225920834
28.05 -6.95502211160499
28.1 -6.9532908662257
28.15 -6.95528357539061
28.2 -6.95533749248129
28.25 -6.9553485050557
28.3 -6.95532916098996
28.35 -6.94293758262465
28.4 -7.03739429255983
28.45 -7.0338908423163
28.5 -6.97549298393758
28.55 -6.9897593688896
28.6 -6.95843350677616
28.65 -6.96110305501727
28.7 -6.89852794841564
28.75 -6.93963155710073
28.8 -6.99313821511884
28.85 -7.02070331762879
28.9 -7.05756583515746
28.95 -7.06927935796063
29 -7.07496650957327
29.05 -7.07497874206545
29.1 -7.02549589545178
29.15 -7.00472381524868
29.2 -6.93687598019597
29.25 -6.8648954953106
29.3 -6.84792068153623
29.35 -6.88951156836589
29.4 -6.93133726396242
29.45 -6.94390932607732
29.5 -6.97287477620642
29.55 -6.91046222703275
29.6 -6.90846216494235
29.65 -6.91933390972776
29.7 -6.94736991603515
29.75 -6.95789532965103
29.8 -6.93253671260616
29.85 -6.59458776964843
29.9 -6.13169552376981
29.95 -6.26605860085777
30 -5.00731531843
30.05 -5.13712817974926
30.1 -4.97625959885286
30.15 -4.80575509763373
30.2 -4.35946243819621
30.25 -5.04941793998961
30.3 -5.27196286327847
30.35 -5.90359708569225
30.4 -6.15989781576159
30.45 -6.26215780419381
30.5 -6.28688205681784
30.55 -6.23698260000265
30.6 -6.24728826331162
30.65 -6.15343905049256
30.7 -5.75811377126982
30.75 -5.37787001115977
30.8 -4.98165523364841
30.85 -4.63959062466549
30.9 -4.75128340703558
30.95 -5.26341407171682
31 -5.66774265130473
31.05 -6.03852101339432
31.1 -6.0446695234882
31.15 -6.1689236212801
31.2 -6.06270232704878
31.25 -6.03780488959728
31.3 -6.01987315698766
31.35 -5.97152699899893
31.4 -5.94836795925691
31.45 -5.9683552820023
31.5 -6.01564532907992
31.55 -6.01353627387155
31.6 -5.92375979692939
31.65 -5.94223853483229
31.7 -5.97103512549482
31.75 -6.0193372680367
31.8 -5.9946414267342
31.85 -5.93997502890874
31.9 -5.99860726797516
31.95 -6.06868134622587
32 -6.0324278449366
32.05 -5.97537052307888
32.1 -5.99575116533416
32.15 -5.98139576071202
32.2 -5.98165406302637
32.25 -5.91333373758306
32.3 -5.65707584859099
32.35 -5.46311446374926
32.4 -5.41117988474131
32.45 -5.57243279025062
32.5 -5.6892501353864
32.55 -5.77433697159477
32.6 -5.61118324001242
32.65 -5.60999465145557
32.7 -5.65924793803553
32.75 -5.61317140041896
32.8 -5.60908260874264
32.85 -5.61478639484146
32.9 -5.62073487671858
32.95 -5.65052982035661
33 -5.65247258947602
33.05 -5.61458336302239
33.1 -5.60992256869804
33.15 -5.63257897810432
33.2 -5.5974628647961
33.25 -5.10861450041601
33.3 -4.62391849815124
33.35 -4.37552566844433
33.4 -4.13176887334736
33.45 -4.64678440754546
33.5 -5.0392548897405
33.55 -5.21247798074722
33.6 -5.09806509235521
33.65 -5.02942840511195
33.7 -4.76869582799437
33.75 -4.34559627419091
33.8 -4.02509332069634
33.85 -3.79373980205787
33.9 -3.17273551037614
33.95 -3.10532595237109
34 -2.91161658004432
34.05 -3.64026023771393
34.1 -1.130301145032
34.15 -1.59563493996148
34.2 -1.59847761280145
34.25 -2.04604877664847
34.3 -2.17531172659617
34.35 -2.96436145436889
34.4 -3.22022120445469
34.45 -3.35764813032891
34.5 -3.3343752955481
34.55 -3.31555497740784
34.6 -3.34485323295499
34.65 -3.34770720266699
34.7 -3.34371904458911
34.75 -3.34349904923078
34.8 -3.34350491943511
34.85 -3.34349193200326
34.9 -3.32907748365559
34.95 -3.35047170691029
35 -3.29114170897994
35.05 -3.30664223094613
35.1 -3.26307791248361
35.15 -3.19180001879982
35.2 -3.22603219882328
35.25 -3.29835249633125
35.3 -3.29312779529879
35.35 -3.25867698611786
35.4 -3.23072771152672
35.45 -3.2121028488262
35.5 -3.27023258141705
35.55 -3.23044287976465
35.6 -3.26591749562778
35.65 -3.22809643628534
35.7 -3.24575215764406
35.75 -3.23699488158358
35.8 -3.24476118982204
35.85 -3.23669175565732
35.9 -3.14760096108865
35.95 -3.23806661239788
36 -3.24742107008483
36.05 -3.2878520992412
36.1 -3.33468435810338
36.15 -3.34206019996076
36.2 -3.35613771468129
36.25 -3.26572966261736
36.3 -2.94044044395396
36.35 -2.7934395578374
36.4 -2.19730252855825
36.45 -2.07021854571903
36.5 -1.95181807517426
36.55 -1.6845414632104
36.6 -2.65459706579837
36.65 -0.0156514982501531
36.7 -0.949773595371527
36.75 -0.84742488862987
36.8 -0.649291364699479
36.85 -0.389418899539045
36.9 -0.274175466599359
36.95 -0.0435363048244978
37 -0.105764574517624
37.05 0.192891056685163
37.1 0.518111313547227
37.15 0.7350215600518
37.2 0.756243879765681
37.25 0.247387519049332
37.3 -0.14836477277447
37.35 -0.617469797215094
37.4 -0.866783500153342
37.45 -0.907963714410957
37.5 -0.942912467850592
37.55 -0.937371249330199
37.6 -0.924197296823992
37.65 -0.923370508968783
37.7 -0.920180544754509
37.75 -0.887054381909353
37.8 -0.924281719914888
37.85 -0.868717517714038
37.9 -0.815816304297961
37.95 -0.813727328572931
38 -0.854319468754731
38.05 -0.851340826838016
38.1 -0.844769176438346
38.15 -0.766445970722659
38.2 -0.742611203485755
38.25 -0.813628949160664
38.3 -0.843482517737282
38.35 -0.90470439624024
38.4 -0.937771324271807
38.45 -0.897604669535754
38.5 -0.809468294117783
38.55 -0.503264502012033
38.6 -0.233036283827082
38.65 -0.0507077596852753
38.7 0.270495220094925
38.75 0.577173463361533
38.8 0.738415032850318
38.85 1.08020468760206
38.9 0.699028961343243
38.95 2.00998945265253
39 1.55976930481554
39.05 2.18203577082213
39.1 2.0781261735449
39.15 2.54974142508771
39.2 2.7039185432792
39.25 1.65642944503649
39.3 1.0775433592426
39.35 1.46560019278412
39.4 0.831819597734812
39.45 0.876513821908228
39.5 0.763856098913708
39.55 0.776258161830505
39.6 0.770892244888073
39.65 0.770217493903422
39.7 0.770196479259378
39.75 0.770183128402696
39.8 0.942286404895525
39.85 0.908627730706012
39.9 0.871307830316012
39.95 0.895958541033004
40 0.826662302014614
40.05 0.803979393589198
40.1 0.878180379038483
40.15 0.90652072989127
40.2 0.870879664102705
40.25 0.81119468379375
40.3 0.844216124781788
40.35 0.858003509817587
40.4 0.871326416554599
40.45 0.832918624298494
40.5 0.807636631567187
40.55 0.773085490070107
40.6 0.801365875368828
40.65 0.774524653620657
40.7 1.29913151129866
40.75 1.65418949186545
40.8 1.64401454212472
40.85 2.26487566894986
40.9 2.39872977571214
40.95 2.67530455065329
41 3.06151315123819
41.05 3.18965193819969
41.1 3.28164082891359
41.15 3.32070153079025
41.2 4.2945290483964
41.25 4.2243951913618
41.3 4.20254497115639
41.35 4.30854618982893
41.4 4.46128327278715
41.45 5.16249671001619
41.5 4.81614125722727
41.55 4.40539303925833
41.6 3.88568492053519
41.65 3.41705551482366
41.7 3.28265894183791
41.75 3.22200608138619
41.8 3.23104783742409
41.85 3.22488317003255
41.9 3.27809528012758
41.95 3.2739910482123
42 3.33307987259574
42.05 3.39470671282075
42.1 3.37638042751223
42.15 3.41755216782727
42.2 3.52608584594424
42.25 3.62355299361073
42.3 3.6818620902968
42.35 3.72392354482901
42.4 3.77523816604927
42.45 3.86576149946644
42.5 4.10151455821707
42.55 3.94288348166787
42.6 3.86846887286116
42.65 3.87666368174775
42.7 4.35009599301337
42.75 4.7340687121044
42.8 5.14503106337129
42.85 5.37818423475291
42.9 5.78341386900291
42.95 5.68554230690234
43 5.34956430873947
43.05 4.85504663860376
43.1 4.71107771766448
43.15 4.67141832468033
43.2 4.67230226788602
43.25 4.66574133545381
43.3 4.67390974795369
43.35 4.68632270215564
43.4 4.7359927707994
43.45 4.72867092374355
43.5 4.75292175202646
43.55 4.71438025635317
43.6 4.73555488228095
43.65 4.71604662712516
43.7 4.71923704368922
43.75 4.70296727555747
43.8 4.70256257348822
43.85 4.7062319021082
43.9 4.68985599559387
43.95 4.68800172002442
44 4.69073428889941
44.05 4.68060982836758
44.1 4.68024330782429
44.15 4.68016187523281
44.2 4.68022173420331
44.25 4.68014337709686
44.3 4.68013997617203
44.35 4.68000904050189
44.4 4.6800980101495
44.45 4.68014417013194
44.5 4.68009974391159
44.55 4.6801572357563
44.6 4.68015482130299
44.65 4.68018130674655
44.7 4.68019296311029
44.75 4.68020117263251
44.8 4.68018382727362
44.85 4.68018614368315
44.9 4.68019248352613
44.95 4.68019342506285
45 4.68019877162013
45.05 4.68020491689415
45.1 4.68016646785212
45.15 4.68018251348709
45.2 4.68016906869657
45.25 4.68013960637822
45.3 4.68016160088664
45.35 4.68016186994327
45.4 4.68013385873878
45.45 4.68010405074348
45.5 4.6800786014739
45.55 4.68007902644918
45.6 4.68009468644487
45.65 4.68012512161296
45.7 4.68010358860148
45.75 4.68010358860148
45.8 4.68010358860148
45.85 4.68010358860148
45.9 4.68010358860148
45.95 4.68010358860148
46 4.68010358860148
46.05 4.68010358860148
46.1 4.68010358860148
46.15 4.68010358860148
46.2 4.68010358860148
46.25 4.68010358860148
46.3 4.68010358860148
46.35 4.68010358860148
46.4 4.68010358860148
46.45 4.68010358860148
46.5 4.68010358860148
46.55 4.68010358860148
46.6 4.68010358860148
46.65 4.68010358860148
46.7 4.68010358860148
46.75 4.68010358860148
46.8 4.68010358860148
46.85 4.68010358860148
46.9 4.68010358860148
46.95 4.68010358860148