0 -1.97665847687837e-05
0.05 -2.19766116109713e-05
0.1 -2.34629457784914e-05
0.15 -2.75158000993373e-05
0.2 -3.05233683810083e-05
0.25 -3.89935743905276e-05
0.3 -4.00418171242234e-05
0.35 -4.64563494244685e-05
0.4 -4.60068970493221e-05
0.45 -4.46068176418749e-05
0.5 -5.01440343898939e-05
0.55 -5.36092641855664e-05
0.6 -5.49581459753061e-05
0.65 -5.66529282515396e-05
0.7 -5.72582810867298e-05
0.75 -5.81240267479134e-05
0.8 -6.09393377253102e-05
0.85 -6.04937276637744e-05
0.9 -6.04937276637744e-05
0.95 -6.04937276637744e-05
1 -6.04937276637744e-05
1.05 -6.04937276637744e-05
1.1 -6.04937276637744e-05
1.15 -6.04937276637744e-05
1.2 -6.04937276637744e-05
1.25 -6.04937276637744e-05
1.3 -6.04937276637744e-05
1.35 -6.04937276637744e-05
1.4 -6.04937276637744e-05
1.45 -6.04937276637744e-05
1.5 -6.04937276637744e-05
1.55 -6.04937276637744e-05
1.6 -6.04937276637744e-05
1.65 -6.04937276637744e-05
1.7 -6.04937276637744e-05
1.75 -6.04937276637744e-05
1.8 -6.04937276637744e-05
1.85 -6.04937276637744e-05
1.9 -6.04937276637744e-05
1.95 -6.04937276637744e-05
2 -6.04937276637744e-05
2.05 -6.04937276637744e-05
2.1 -6.04937276637744e-05
2.15 -6.04937276637744e-05
2.2 -6.04937276637744e-05
2.25 -6.04937276637744e-05
2.3 -6.04937276637744e-05
2.35 -6.04937276637744e-05
2.4 -6.04937276637744e-05
2.45 -6.04937276637744e-05
2.5 -6.04937276637744e-05
2.55 -6.04937276637744e-05
2.6 -6.04937276637744e-05
2.65 -6.04937276637744e-05
2.7 -6.04937276637744e-05
2.75 -6.04937276637744e-05
2.8 -6.04937276637744e-05
2.85 -6.04937276637744e-05
2.9 -6.04937276637744e-05
2.95 -6.04937276637744e-05
3 -6.04937276637744e-05
3.05 -6.04937276637744e-05
3.1 -6.04937276637744e-05
3.15 -6.04937276637744e-05
3.2 -6.04937276637744e-05
3.25 -6.04937276637744e-05
3.3 -6.04937276637744e-05
3.35 -6.04937276637744e-05
3.4 -6.04937276637744e-05
3.45 -6.04937276637744e-05
3.5 -6.04937276637744e-05
3.55 -6.04937276637744e-05
3.6 -6.04937276637744e-05
3.65 -6.04937276637744e-05
3.7 -6.04937276637744e-05
3.75 -6.04937276637744e-05
3.8 -6.04937276637744e-05
3.85 -6.04937276637744e-05
3.9 -6.04937276637744e-05
3.95 -6.04937276637744e-05
4 -6.04937276637744e-05
4.05 -6.04937276637744e-05
4.1 -6.04937276637744e-05
4.15 -6.04937276637744e-05
4.2 -6.04937276637744e-05
4.25 -6.04937276637744e-05
4.3 -6.04937276637744e-05
4.35 -6.04937276637744e-05
4.4 -6.04937276637744e-05
4.45 -6.04937276637744e-05
4.5 -6.04937276637744e-05
4.55 -6.04937276637744e-05
4.6 -6.04937276637744e-05
4.65 -6.04937276637744e-05
4.7 -6.04937276637744e-05
4.75 -6.04937276637744e-05
4.8 -6.04937276637744e-05
4.85 -6.04937276637744e-05
4.9 -6.04937276637744e-05
4.95 -6.04937276637744e-05
5 -6.04937276637744e-05
5.05 -6.04937276637744e-05
5.1 -6.04937276637744e-05
5.15 -6.04937276637744e-05
5.2 -6.04937276637744e-05
5.25 -6.04937276637744e-05
5.3 -6.04937276637744e-05
5.35 -6.04937276637744e-05
5.4 -6.04937276637744e-05
5.45 -6.04937276637744e-05
5.5 -6.04937276637744e-05
5.55 -6.04937276637744e-05
5.6 -6.04937276637744e-05
5.65 -6.04937276637744e-05
5.7 0.00079552728051108
5.75 -0.00758602653923134
5.8 -0.0271643066963898
5.85 0.049211153566754
5.9 -0.0235091466476474
5.95 -0.00874427377514458
6 0.0588476993177606
6.05 0.00683337644075348
6.1 0.0148079707391801
6.15 0.0555504425442698
6.2 0.041687255859621
6.25 0.0592356108721401
6.3 0.0749257642395094
6.35 0.186107810156832
6.4 0.465262875337262
6.45 0.488800830475303
6.5 0.341723404000618
6.55 0.209422070756036
6.6 0.0910409808907834
6.65 0.0724624125809024
6.7 0.185068154470155
6.75 0.0941286115636509
6.8 0.005839341593007
6.85 -0.00842888525044306
6.9 -0.0335359304078711
6.95 -0.421749493742382
7 -0.732750618481441
7.05 -1.02972111047036
7.1 -1.38069511857071
7.15 -1.53694155947504
7.2 -1.64104086753434
7.25 -1.28419832208564
7.3 -0.662892194632944
7.35 -0.325665080819486
7.4 -0.187128919030365
7.45 -0.2210053719209
7.5 -0.205175243978077
7.55 -0.241837509462314
7.6 -0.133640250035549
7.65 -0.189860780720065
7.7 -0.192490560419396
7.75 -0.149834695952534
7.8 -0.116074843622425
7.85 -0.0736112724658546
7.9 -0.0701521033632296
7.95 -0.136079784531071
8 -0.173732773507375
8.05 -0.194304413719743
8.1 -0.172398695999565
8.15 -0.177394877347017
8.2 -0.181583410776335
8.25 -0.141989000674831
8.3 -0.116858546539327
8.35 -0.214291435793376
8.4 -0.206963046643586
8.45 -0.168542912703244
8.5 -0.172574603704585
8.55 -0.144420978703964
8.6 -0.146173614297266
8.65 -0.178206452233268
8.7 -0.151620020547945
8.75 -0.14491344571001
8.8 -0.184352797820001
8.85 -0.211306732041413
8.9 -0.231906427618646
8.95 -0.249723859020069
9 -0.196771524362904
9.05 -0.177546248895406
9.1 -0.164970043384444
9.15 -0.213791836412591
9.2 -0.2154043063305
9.25 -0.203382345512791
9.3 -0.222339075664173
9.35 -0.238297865858781
9.4 -0.190270934557432
9.45 -0.147222214793645
9.5 -0.172647057980594
9.55 -0.166625962204661
9.6 -0.198163237759669
9.65 -0.199150029571969
9.7 -0.233585433996191
9.75 -0.184720796434429
9.8 -0.248107165240355
9.85 -0.368788826831365
9.9 -0.700662034234299
9.95 -1.12628053211823
10 -1.47394678280437
10.05 -1.77406628471759
10.1 -1.94507838139289
10.15 -2.06446696927544
10.2 -2.43315615191791
10.25 -2.29838883873435
10.3 -2.77133577132893
10.35 -3.01026483436752
10.4 -2.76750649147569
10.45 -2.38349673674851
10.5 -1.83761819403341
10.55 -1.63134983819235
10.6 -1.89104580766789
10.65 -2.0240867568423
10.7 -2.23498632674732
10.75 -2.0558498714058
10.8 -2.04713815305181
10.85 -1.67780490643856
10.9 -1.65157510204537
10.95 -2.01938862762572
11 -2.23138321862483
11.05 -2.33286096055939
11.1 -2.58282001998345
11.15 -2.65304024659308
11.2 -2.86519727632734
11.25 -2.99383557000404
11.3 -3.14573247187882
11.35 -3.02508952430412
11.4 -2.71972388250406
11.45 -2.08610810639291
11.5 -1.77042030377918
11.55 -1.66917797050553
11.6 -1.74973275114239
11.65 -1.74600475862633
11.7 -1.69222665688799
11.75 -1.66626091497965
11.8 -1.71688019738428
11.85 -1.64110949465735
11.9 -1.7069794375666
11.95 -1.71910746966712
12 -1.54797213351788
12.05 -1.68658971203767
12.1 -1.63818392251186
12.15 -1.70626735603248
12.2 -1.70011270468902
12.25 -1.7276277450461
12.3 -1.74864437226324
12.35 -1.68947437605754
12.4 -1.73125508010458
12.45 -1.70409981343286
12.5 -1.70865495763699
12.55 -1.70704593593978
12.6 -1.73020667089495
12.65 -1.70044620918287
12.7 -1.7345595740359
12.75 -1.71530336089481
12.8 -1.70768995909671
12.85 -1.72741407873165
12.9 -1.71555277271695
12.95 -1.72760936247223
13 -1.7278816597972
13.05 -1.7097073279199
13.1 -1.71800618906799
13.15 -1.72797220204844
13.2 -1.73480514439905
13.25 -1.73148507608537
13.3 -1.70059109001389
13.35 -1.72441895136279
13.4 -1.69932523335964
13.45 -1.70536094421337
13.5 -1.71098100865638
13.55 -1.6940220880164
13.6 -1.70558641471649
13.65 -1.71044681769794
13.7 -1.71569736618581
13.75 -1.70434398912746
13.8 -1.70690034997073
13.85 -1.69500642768287
13.9 -1.72073059036131
13.95 -1.73179425519378
14 -1.70047585595797
14.05 -1.70463821570233
14.1 -1.70744667620737
14.15 -1.69764053659151
14.2 -1.71192335318863
14.25 -1.71407277019861
14.3 -1.75148247104422
14.35 -1.65795764112292
14.4 -1.71641459967574
14.45 -1.70640724306314
14.5 -1.72270473552627
14.55 -1.71653684972624
14.6 -1.73165472227707
14.65 -1.72058280933194
14.7 -1.69282694470344
14.75 -1.70619239799289
14.8 -1.7146470165587
14.85 -1.71874220198177
14.9 -1.70790620413173
14.95 -1.78544568752022
15 -2.06045882931651
15.05 -2.2864946350588
15.1 -2.51970429792143
15.15 -2.35257342595502
15.2 -1.99597886875009
15.25 -1.80558735643333
15.3 -1.72473258713022
15.35 -1.76132271621591
15.4 -1.74237960180034
15.45 -1.75957106795929
15.5 -1.76060469771532
15.55 -1.75869874239315
15.6 -1.75858890974002
15.65 -1.75859652532142
15.7 -1.75859571734776
15.75 -1.7586001523702
15.8 -1.75670270913396
15.85 -1.74934515987664
15.9 -1.7602534494681
15.95 -1.84493264595981
16 -2.11016878783843
16.05 -2.44381997382866
16.1 -2.68448927112468
16.15 -3.03863009047639
16.2 -3.73049130414454
16.25 -3.74607168847674
16.3 -3.31395740119577
16.35 -3.78180491585637
16.4 -2.96516372078463
16.45 -2.49043060962027
16.5 -2.25303683190683
16.55 -2.4213374199066
16.6 -2.60945395000564
16.65 -2.73649961331876
16.7 -3.22820158594503
16.75 -3.32705617820603
16.8 -3.57353096830269
16.85 -3.66960303758732
16.9 -3.90659238610799
16.95 -3.91352288363106
17 -4.09965746371135
17.05 -4.16215308058308
17.1 -4.31177163240294
17.15 -4.35350224600854
17.2 -4.44022159790597
17.25 -4.43623200270568
17.3 -4.39639577035009
17.35 -4.32987844297456
17.4 -3.87467622751946
17.45 -3.36208157154619
17.5 -3.16368125552941
17.55 -3.11827753893109
17.6 -3.12409713303637
17.65 -3.20432372446468
17.7 -3.08852500216762
17.75 -3.1294313020045
17.8 -3.09306776907571
17.85 -3.06176095189055
17.9 -3.07642713139979
17.95 -3.05073380904727
18 -3.06573414113993
18.05 -3.0540189579203
18.1 -3.07053210078074
18.15 -3.04395427775301
18.2 -3.05316239107441
18.25 -3.01973151870605
18.3 -3.04951070004167
18.35 -3.07862275989439
18.4 -3.13655708462039
18.45 -2.98244872050383
18.5 -3.03252388195788
18.55 -3.0505503382482
18.6 -3.03778724457335
18.65 -3.09725824281192
18.7 -3.09513683671612
18.75 -3.0703090228037
18.8 -3.09665459725312
18.85 -3.12971395636034
18.9 -3.06140553865085
18.95 -3.08962595026171
19 -3.1535000654031
19.05 -3.16806556527249
19.1 -3.15946604448266
19.15 -3.18939373655344
19.2 -3.17294909806094
19.25 -3.17221242271796
19.3 -3.17895282046994
19.35 -3.18386631629375
19.4 -3.18880978295585
19.45 -3.26274160189005
19.5 -3.29482713480855
19.55 -3.43111703822467
19.6 -3.53672022267202
19.65 -3.71818669825684
19.7 -3.81764327834475
19.75 -4.02359577129089
19.8 -3.94805928329179
19.85 -4.07635815352637
19.9 -4.23154524782403
19.95 -4.24101071752503
20 -4.21592865097476
20.05 -4.28535933551331
20.1 -4.07725088221467
20.15 -4.3501535660906
20.2 -4.27333852581287
20.25 -4.53886329720304
20.3 -4.27906357072888
20.35 -4.04659745684618
20.4 -4.64439428750661
20.45 -4.28320548057216
20.5 -4.447996043176
20.55 -4.5074425583169
20.6 -5.10679359186647
20.65 -4.75743854558513
20.7 -4.3333937542752
20.75 -3.86497303914979
20.8 -3.60246398190041
20.85 -3.5791781614827
20.9 -3.57988864302912
20.95 -3.62856382524318
21 -3.54810649342482
21.05 -3.56124235530756
21.1 -3.5267826375013
21.15 -3.50890986837201
21.2 -3.4854333263146
21.25 -3.51957856953424
21.3 -3.46540311677328
21.35 -3.52338008827588
21.4 -3.59648313974181
21.45 -3.893731421044
21.5 -3.84938504440823
21.55 -4.91526599660526
21.6 -4.74344627433409
21.65 -4.73301104977017
21.7 -4.85962171580129
21.75 -4.18249641615053
21.8 -3.71827773471144
21.85 -3.75837309146947
21.9 -3.77044404032515
21.95 -3.94792461664431
22 -4.31101798796905
22.05 -4.5994006741415
22.1 -4.85414196038631
22.15 -4.36394039543428
22.2 -4.15471579174824
22.25 -3.76577299377494
22.3 -3.71495975096755
22.35 -3.70317958135028
22.4 -3.75446196426991
22.45 -3.72313506651744
22.5 -3.659545746518
22.55 -3.65724969729246
22.6 -3.62680201839516
22.65 -3.61968939830015
22.7 -3.63534170582712
22.75 -3.65735562120444
22.8 -3.67620780557671
22.85 -3.72359284915821
22.9 -3.71388864332711
22.95 -3.70434921588434
23 -3.69361276379047
23.05 -3.67803467829419
23.1 -3.66668316046724
23.15 -3.69147667821879
23.2 -3.71066350533775
23.25 -3.64546041686527
23.3 -3.69887901890745
23.35 -3.72330470891216
23.4 -3.74448482616327
23.45 -3.74659451847127
23.5 -3.74750029715847
23.55 -3.71162562614741
23.6 -3.73826821530843
23.65 -3.68026407687248
23.7 -3.69544712341897
23.75 -3.71261436920263
23.8 -3.75166278465941
23.85 -3.65976127359978
23.9 -3.74406776680099
23.95 -3.74874304216017
24 -3.76475871136007
24.05 -3.75945426633731
24.1 -3.76552060204518
24.15 -3.73623827674877
24.2 -3.78086632016617
24.25 -3.76620346807948
24.3 -3.77424795128777
24.35 -3.77344440571573
24.4 -3.75415257421907
24.45 -3.75468181137882
24.5 -3.68663984621272
24.55 -3.72193115917104
24.6 -3.76556826128547
24.65 -3.77877689027376
24.7 -3.75800697614813
24.75 -3.77439550254405
24.8 -3.77409611597669
24.85 -3.78123162307568
24.9 -3.77751373699664
24.95 -3.77998849642023
25 -3.78004970053323
25.05 -3.78001722072292
25.1 -3.78006596944869
25.15 -3.78012738518918
25.2 -3.78016345410314
25.25 -3.78021330398894
25.3 -3.78030592412103
25.35 -3.78034246001156
25.4 -3.78042793255914
25.45 -3.7805006936971
25.5 -3.78054813398868
25.55 -3.78060377316194
25.6 -3.78064188136655
25.65 -3.78072329720325
25.7 -3.78075516691793
25.75 -3.78081162750216
25.8 -3.78082902416343
25.85 -3.7808850166783
25.9 -3.7809136759791
25.95 -3.78094385820674
26 -3.78102424372315
26.05 -3.77930895250471
26.1 -3.78096419857929
26.15 -3.78102229933766
26.2 -3.78105374333475
26.25 -3.78107164111108
26.3 -3.78111487991658
26.35 -3.78115990161158
26.4 -3.78119117718709
26.45 -3.78119365142643
26.5 -3.78124418119961
26.55 -3.7812888770165
26.6 -3.78129198962741
26.65 -3.78133059414592
26.7 -3.7813510313824
26.75 -3.7813510313824
26.8 -3.7813510313824
26.85 -3.7813510313824
26.9 -3.7813510313824
26.95 -3.7813510313824
27 -3.7813510313824
27.05 -3.7813510313824
27.1 -3.7813510313824
27.15 -3.7813510313824
27.2 -3.7813510313824
27.25 -3.7813510313824
27.3 -3.7813510313824
27.35 -3.7813510313824
27.4 -3.7813510313824
27.45 -3.7813510313824
27.5 -3.7813510313824
27.55 -3.7813510313824
27.6 -3.7813510313824
27.65 -3.7813510313824
27.7 -3.7813510313824
27.75 -3.7813510313824
27.8 -3.7813510313824
27.85 -3.7813510313824
27.9 -3.7813510313824
27.95 -3.7813510313824

0 -2.11002511411494e-05
0.05 -2.29746956742297e-05
0.1 -2.50882225536045e-05
0.15 -2.92321443480896e-05
0.2 -3.20165573308667e-05
0.25 -4.00417220638051e-05
0.3 -4.06814059080047e-05
0.35 -4.7588839046789e-05
0.4 -4.68544764508315e-05
0.45 -4.54132389864734e-05
0.5 -5.06470435400995e-05
0.55 -5.51718799623447e-05
0.6 -5.57781872183837e-05
0.65 -5.76459110104221e-05
0.7 -5.80721483897264e-05
0.75 -5.86734643631371e-05
0.8 -6.12080978018929e-05
0.85 -5.99200759005386e-05
0.9 -5.99200759005386e-05
0.95 -5.99200759005386e-05
1 -5.99200759005386e-05
1.05 -5.99200759005386e-05
1.1 -5.99200759005386e-05
1.15 -5.99200759005386e-05
1.2 -5.99200759005386e-05
1.25 -5.99200759005386e-05
1.3 -5.99200759005386e-05
1.35 -5.99200759005386e-05
1.4 -5.99200759005386e-05
1.45 -5.99200759005386e-05
1.5 -5.99200759005386e-05
1.55 -5.99200759005386e-05
1.6 -5.99200759005386e-05
1.65 -5.99200759005386e-05
1.7 -5.99200759005386e-05
1.75 -5.99200759005386e-05
1.8 -5.99200759005386e-05
1.85 -5.99200759005386e-05
1.9 -5.99200759005386e-05
1.95 -5.99200759005386e-05
2 -5.99200759005386e-05
2.05 -5.99200759005386e-05
2.1 -5.99200759005386e-05
2.15 -5.99200759005386e-05
2.2 -5.99200759005386e-05
2.25 -5.99200759005386e-05
2.3 -5.99200759005386e-05
2.35 -5.99200759005386e-05
2.4 -5.99200759005386e-05
2.45 -5.99200759005386e-05
2.5 -5.99200759005386e-05
2.55 -5.99200759005386e-05
2.6 -5.99200759005386e-05
2.65 -5.99200759005386e-05
2.7 -5.99200759005386e-05
2.75 -5.99200759005386e-05
2.8 -5.99200759005386e-05
2.85 -5.99200759005386e-05
2.9 -5.99200759005386e-05
2.95 -5.99200759005386e-05
3 -5.99200759005386e-05
3.05 -5.99200759005386e-05
3.1 -5.99200759005386e-05
3.15 -5.99200759005386e-05
3.2 -5.99200759005386e-05
3.25 -5.99200759005386e-05
3.3 -5.99200759005386e-05
3.35 -5.99200759005386e-05
3.4 -5.99200759005386e-05
3.45 -5.99200759005386e-05
3.5 -5.99200759005386e-05
3.55 -5.99200759005386e-05
3.6 -5.99200759005386e-05
3.65 -5.99200759005386e-05
3.7 -5.99200759005386e-05
3.75 -5.99200759005386e-05
3.8 -5.99200759005386e-05
3.85 -5.99200759005386e-05
3.9 -5.99200759005386e-05
3.95 -5.99200759005386e-05
4 -5.99200759005386e-05
4.05 -5.99200759005386e-05
4.1 -5.99200759005386e-05
4.15 -5.99200759005386e-05
4.2 -5.99200759005386e-05
4.25 -5.99200759005386e-05
4.3 -5.99200759005386e-05
4.35 -5.99200759005386e-05
4.4 -5.99200759005386e-05
4.45 -5.99200759005386e-05
4.5 -5.99200759005386e-05
4.55 -5.99200759005386e-05
4.6 -5.99200759005386e-05
4.65 -5.99200759005386e-05
4.7 -5.99200759005386e-05
4.75 -5.99200759005386e-05
4.8 -5.99200759005386e-05
4.85 -5.99200759005386e-05
4.9 -5.99200759005386e-05
4.95 -5.99200759005386e-05
5 -5.99200759005386e-05
5.05 -5.99200759005386e-05
5.1 -5.99200759005386e-05
5.15 -5.99200759005386e-05
5.2 -5.99200759005386e-05
5.25 -5.99200759005386e-05
5.3 -5.99200759005386e-05
5.35 -5.99200759005386e-05
5.4 -5.99200759005386e-05
5.45 -5.99200759005386e-05
5.5 -5.99200759005386e-05
5.55 -5.99200759005386e-05
5.6 -5.99200759005386e-05
5.65 -5.99200759005386e-05
5.7 0.000795992781150927
5.75 -0.00758638501267949
5.8 -0.0271649582137803
5.85 0.0492099438844589
5.9 -0.0235103867864761
5.95 -0.00874555673446799
6 0.0588473659662162
6.05 0.00683407002390576
6.1 0.0148092549700129
6.15 0.0555536020643401
6.2 0.0416893125456627
6.25 0.0592390247009661
6.3 0.0749292494716863
6.35 0.186109627139428
6.4 0.465265513125605
6.45 0.488804437181209
6.5 0.341729347772608
6.55 0.209427918532728
6.6 0.0910456580111461
6.65 0.0725286911066114
6.7 0.185889099211518
6.75 0.0903298103306765
6.8 0.019650846192465
6.85 0.028569938748209
6.9 0.0321805968642323
6.95 -0.431037586366733
7 -0.934938784520429
7.05 -1.50962213370033
7.1 -2.23552324522229
7.15 -2.77857012091092
7.2 -3.2481632854852
7.25 -3.1224499462399
7.3 -2.49644859063373
7.35 -1.99452755302675
7.4 -1.63560093370186
7.45 -1.47715461115412
7.5 -1.29855844128926
7.55 -1.19157895943509
7.6 -0.923670010344488
7.65 -0.825030309658642
7.7 -0.692458441271131
7.75 -0.520037020513241
7.8 -0.358207819261155
7.85 -0.225926674218265
7.9 -0.18639769228311
7.95 -0.240233730713218
8 -0.27381872527732
8.05 -0.292600365702705
8.1 -0.268437369156638
8.15 -0.271528334637425
8.2 -0.274343312150405
8.25 -0.232868069141776
8.3 -0.205612527961228
8.35 -0.302507598828267
8.4 -0.294954454807084
8.45 -0.255939298982249
8.5 -0.259424078038442
8.55 -0.230660164028126
8.6 -0.231873767161684
8.65 -0.263594024233839
8.7 -0.236687416587464
8.75 -0.229659176334263
8.8 -0.268924822879675
8.85 -0.295806698207514
8.9 -0.316390219390342
8.95 -0.3342290582594
9 -0.281231898320282
9.05 -0.261932082812779
9.1 -0.249277658049386
9.15 -0.29806752822031
9.2 -0.299665287017891
9.25 -0.287625266223196
9.3 -0.306569525457583
9.35 -0.322528701317958
9.4 -0.274486338663489
9.45 -0.231413616288448
9.5 -0.256819327920532
9.55 -0.25078496482053
9.6 -0.282316366313165
9.65 -0.283295504489517
9.7 -0.317730248348408
9.75 -0.268856286985356
9.8 -0.332244575633984
9.85 -0.452933300245524
9.9 -0.7848334893689
9.95 -1.21050066312979
10 -1.55822686053435
10.05 -1.85841017906096
10.1 -2.02947972760458
10.15 -2.14892244983524
10.2 -2.5176591682185
10.25 -2.38292959386824
10.3 -2.85590551680481
10.35 -3.09486172143516
10.4 -2.85212240676151
10.45 -2.46812557896638
10.5 -1.92224877499545
10.55 -1.71598569672103
10.6 -1.9756843505835
10.65 -2.1087283032533
10.7 -2.31962975009417
10.75 -2.14049409016027
10.8 -2.13178663052589
10.85 -1.76245663610176
10.9 -1.73622596766331
10.95 -2.10404356029786
11 -2.31603878983775
11.05 -2.41751864962566
11.1 -2.66747788173399
11.15 -2.73770090602217
11.2 -2.94985675680043
11.25 -3.07849631191773
11.3 -3.23038969617328
11.35 -3.10974119425411
11.4 -2.80437515823926
11.45 -2.17076193046613
11.5 -1.85507751986053
11.55 -1.75383677342739
11.6 -1.83439441442735
11.65 -1.83067022689186
11.7 -1.77689074723937
11.75 -1.75092732213449
11.8 -1.80154834712859
11.85 -1.72578018769328
11.9 -1.79164995698689
11.95 -1.80377979746515
12 -1.63264764407444
12.05 -1.77126475256621
12.1 -1.72286092565658
12.15 -1.79094698895904
12.2 -1.78478991785981
12.25 -1.81230093083144
12.3 -1.83331694925351
12.35 -1.77414358273234
12.4 -1.81592120459212
12.45 -1.78876357584544
12.5 -1.79332028392709
12.55 -1.79171301628339
12.6 -1.81487626096231
12.65 -1.78511424201065
12.7 -1.8192281367786
12.75 -1.79997222232828
12.8 -1.79235857109643
12.85 -1.8120810719961
12.9 -1.80022577917925
12.95 -1.81227531727417
13 -1.81254617503822
13.05 -1.79436819047961
13.1 -1.80265459267148
13.15 -1.81261671243336
13.2 -1.81944943906628
13.25 -1.81613357231465
13.3 -1.7852388668303
13.35 -1.80906394109028
13.4 -1.78396533143524
13.45 -1.78999667290565
13.5 -1.79561521742672
13.55 -1.77865721351389
13.6 -1.79021972743307
13.65 -1.79508129179727
13.7 -1.8003361076318
13.75 -1.78898101630256
13.8 -1.7915372828203
13.85 -1.77964028801708
13.9 -1.80536324285499
13.95 -1.81642600878632
14 -1.78510565395135
14.05 -1.78926734314955
14.1 -1.79207077757349
14.15 -1.78226291556804
14.2 -1.79654781456621
14.25 -1.7986977786406
14.3 -1.83610160807515
14.35 -1.74257632166054
14.4 -1.80102909183168
14.45 -1.79102131966629
14.5 -1.80732175290091
14.55 -1.80115430477177
14.6 -1.8162690597314
14.65 -1.80519845656153
14.7 -1.77744134728036
14.75 -1.79081154038939
14.8 -1.79927059987424
14.85 -1.80336748450351
14.9 -1.7925351381687
14.95 -1.87006921815275
15 -2.14507898191473
15.05 -2.37111639712379
15.1 -2.60432720371796
15.15 -2.43719897208261
15.2 -2.0806013622876
15.25 -1.89020999858743
15.3 -1.80935683086183
15.35 -1.84594792212109
15.4 -1.8270082185947
15.45 -1.84419812847252
15.5 -1.84522762096215
15.55 -1.84332358865983
15.6 -1.84321835350846
15.65 -1.84322556765928
15.7 -1.8432222869725
15.75 -1.8432262399059
15.8 -1.84132836423335
15.85 -1.83397347663894
15.9 -1.8448823736105
15.95 -1.92956227758582
16 -2.19479512452876
16.05 -2.52844794848602
16.1 -2.76912100712189
16.15 -3.12326097514908
16.2 -3.81512403993034
16.25 -3.83070600561183
16.3 -3.3985875423301
16.35 -3.86643541292054
16.4 -3.04979462343362
16.45 -2.57505793728788
16.5 -2.33766572355002
16.55 -2.50596369518487
16.6 -2.69407550323371
16.65 -2.82111679425116
16.7 -3.31281611424737
16.75 -3.4116700015697
16.8 -3.6581424666058
16.85 -3.75421539092121
16.9 -3.99120495117837
16.95 -3.99813289988556
17 -4.18427220204144
17.05 -4.24677042221603
17.1 -4.39638453191959
17.15 -4.43811036279761
17.2 -4.52482288473707
17.25 -4.52082992356699
17.3 -4.48099555651793
17.35 -4.41448443651464
17.4 -3.95928167120473
17.45 -3.44668771868879
17.5 -3.2482886402465
17.55 -3.20288506620415
17.6 -3.20870846753659
17.65 -3.288933541938
17.7 -3.17313166116818
17.75 -3.21403843256624
17.8 -3.177670770618
17.85 -3.14636601937542
17.9 -3.16103088768201
17.95 -3.13533379927067
18 -3.15033881426703
18.05 -3.13862574506673
18.1 -3.1551364966152
18.15 -3.12855992183109
18.2 -3.13777096233126
18.25 -3.10433693607804
18.3 -3.13411471533173
18.35 -3.16323038734856
18.4 -3.2211677849577
18.45 -3.06706033671979
18.5 -3.11713890519997
18.55 -3.13516177818642
18.6 -3.12239434537151
18.65 -3.18186213743237
18.7 -3.17974391860557
18.75 -3.15491527636616
18.8 -3.18126380476846
18.85 -3.2143212433424
18.9 -3.14600757378379
18.95 -3.17422327480177
19 -3.23810013023162
19.05 -3.25266322926837
19.1 -3.24405970390367
19.15 -3.27398398100227
19.2 -3.25753553123062
19.25 -3.25679817713536
19.3 -3.26353637359094
19.35 -3.26844808083583
19.4 -3.27339185752746
19.45 -3.34732347601766
19.5 -3.37940578391419
19.55 -3.51569791885349
19.6 -3.62129881104928
19.65 -3.80276155512324
19.7 -3.90221476031555
19.75 -4.10816538939566
19.8 -4.0326272252515
19.85 -4.16092301019877
19.9 -4.31611517068492
19.95 -4.32558543918578
20 -4.30050305116753
20.05 -4.36993569374465
20.1 -4.16182987759636
20.15 -4.43472867460539
20.2 -4.35791590819753
20.25 -4.6234428767137
20.3 -4.3636430533287
20.35 -4.13117401378652
20.4 -4.72897153293251
20.45 -4.36777963511818
20.5 -4.53257116195001
20.55 -4.592015743665
20.6 -5.19136972963459
20.65 -4.84201444288769
20.7 -4.41797173447814
20.75 -3.9495495532737
20.8 -3.68704162055716
20.85 -3.66375137260872
20.9 -3.66445920569881
20.95 -3.71313272416781
21 -3.63267815965431
21.05 -3.64581138738116
21.1 -3.61135750831948
21.15 -3.59348739957339
21.2 -3.57001328731117
21.25 -3.60416070240865
21.3 -3.5499862621044
21.35 -3.60796161587974
21.4 -3.68106238199251
21.45 -3.97831172005526
21.5 -3.93396468748647
21.55 -4.99984412399933
21.6 -4.82802571745879
21.65 -4.81759183861331
21.7 -4.94419601034103
21.75 -4.26706638626843
21.8 -3.80284838972973
21.85 -3.84294019424934
21.9 -3.85501530047919
21.95 -4.03249526990398
22 -4.39558772367248
22.05 -4.68396938692471
22.1 -4.93870658294201
22.15 -4.44850294031726
22.2 -4.23927885981027
22.25 -3.85033746502315
22.3 -3.79952514648551
22.35 -3.7877469306585
22.4 -3.83902934031535
22.45 -3.80770092625689
22.5 -3.74411019147676
22.55 -3.74181755639942
22.6 -3.71128633935721
22.65 -3.55483198530421
22.7 -3.15938362738027
22.75 -2.77706608204104
22.8 -2.44503281714017
22.85 -2.19186240900452
22.9 -1.92052272923097
22.95 -1.67317819507298
23 -1.4453483351705
23.05 -1.229045733791
23.1 -1.02552454160093
23.15 -0.884313129579336
23.2 -0.770834168904799
23.25 -0.556867022648622
23.3 -0.477627957187043
23.35 -0.41137105664825
23.4 -0.364016680735167
23.45 -0.312849827630936
23.5 -0.271326024745921
23.55 -0.147255708858417
23.6 -0.0756444587606346
23.65 0.0824950343501565
23.7 0.216370205314814
23.75 0.402086190673011
23.8 0.464266515450864
23.85 0.583218352611066
23.9 0.505417305754191
23.95 0.502378056511391
24 0.486975945995832
24.05 0.492886205479386
24.1 0.487215965210639
24.15 0.517501159056623
24.2 0.472965997648521
24.25 0.487725789030333
24.3 0.479740003520859
24.35 0.480583284139011
24.4 0.5000772381669
24.45 0.49975803324446
24.5 0.568382153807481
24.55 0.533488636960901
24.6 0.489943093798551
24.65 0.476730752593858
24.7 0.49755988539748
24.75 0.481199540432476
24.8 0.481499730741974
24.85 0.474358546737911
24.9 0.478081863328125
24.95 0.475608552777257
25 0.47554008188574
25.05 0.475541227434822
25.1 0.47551233623759
25.15 0.475509059314951
25.2 0.475516529198754
25.25 0.475512370985735
25.3 0.475487450674637
25.35 0.475509742596516
25.4 0.475480924901699
25.45 0.475489883622639
25.5 0.475495403116776
25.55 0.475494685917878
25.6 0.475500191799547
25.65 0.475497130058379
25.7 0.475497565767501
25.75 0.4754906754288
25.8 0.47547945400228
25.85 0.475461801236849
25.9 0.475482819865186
25.95 0.475473634263272
26 0.475442430763805
26.05 0.477168597406862
26.1 0.475514654749845
26.15 0.475434466912177
26.2 0.475477845427743
26.25 0.475486162324961
26.3 0.475449030003689
26.35 0.475404033577869
26.4 0.475372758002352
26.45 0.475356074830797
26.5 0.475303934293788
26.55 0.475259238476898
26.6 0.475256125865989
26.65 0.475217521347479
26.7 0.475197084111001
26.75 0.475193961747596
26.8 0.475193961747596
26.85 0.475193961747596
26.9 0.475193961747596
26.95 0.475193961747596
27 0.475193961747596
27.05 0.475193961747596
27.1 0.475193961747596
27.15 0.475193961747596
27.2 0.475193961747596
27.25 0.475193961747596
27.3 0.475193961747596
27.35 0.475193961747596
27.4 0.475193961747596
27.45 0.475193961747596
27.5 0.475193961747596
27.55 0.475193961747596
27.6 0.475193961747596
27.65 0.475193961747596
27.7 0.475193961747596
27.75 0.475193961747596
27.8 0.475193961747596
27.85 0.475193961747596
27.9 0.475193961747596
27.95 0.475193961747596

0 -2.11002511411494e-05
0.05 -2.29746956742297e-05
0.1 -2.50882225536045e-05
0.15 -2.92321443480896e-05
0.2 -3.20165573308667e-05
0.25 -4.00417220638051e-05
0.3 -4.06814059080047e-05
0.35 -4.7588839046789e-05
0.4 -4.68544764508315e-05
0.45 -4.54132389864734e-05
0.5 -5.06470435400995e-05
0.55 -5.51718799623447e-05
0.6 -5.57781872183837e-05
0.65 -5.76459110104221e-05
0.7 -5.80721483897264e-05
0.75 -5.86734643631371e-05
0.8 -6.12080978018929e-05
0.85 -5.99200759005386e-05
0.9 -5.99200759005386e-05
0.95 -5.99200759005386e-05
1 -5.99200759005386e-05
1.05 -5.99200759005386e-05
1.1 -5.99200759005386e-05
1.15 -5.99200759005386e-05
1.2 -5.99200759005386e-05
1.25 -5.99200759005386e-05
1.3 -5.99200759005386e-05
1.35 -5.99200759005386e-05
1.4 -5.99200759005386e-05
1.45 -5.99200759005386e-05
1.5 -5.99200759005386e-05
1.55 -5.99200759005386e-05
1.6 -5.99200759005386e-05
1.65 -5.99200759005386e-05
1.7 -5.99200759005386e-05
1.75 -5.99200759005386e-05
1.8 -5.99200759005386e-05
1.85 -5.99200759005386e-05
1.9 -5.99200759005386e-05
1.95 -5.99200759005386e-05
2 -5.99200759005386e-05
2.05 -5.99200759005386e-05
2.1 -5.99200759005386e-05
2.15 -5.99200759005386e-05
2.2 -5.99200759005386e-05
2.25 -5.99200759005386e-05
2.3 -5.99200759005386e-05
2.35 -5.99200759005386e-05
2.4 -5.99200759005386e-05
2.45 -5.99200759005386e-05
2.5 -5.99200759005386e-05
2.55 -5.99200759005386e-05
2.6 -5.99200759005386e-05
2.65 -5.99200759005386e-05
2.7 -5.99200759005386e-05
2.75 -5.99200759005386e-05
2.8 -5.99200759005386e-05
2.85 -5.99200759005386e-05
2.9 -5.99200759005386e-05
2.95 -5.99200759005386e-05
3 -5.99200759005386e-05
3.05 -5.99200759005386e-05
3.1 -5.99200759005386e-05
3.15 -5.99200759005386e-05
3.2 -5.99200759005386e-05
3.25 -5.99200759005386e-05
3.3 -5.99200759005386e-05
3.35 -5.99200759005386e-05
3.4 -5.99200759005386e-05
3.45 -5.99200759005386e-05
3.5 -5.99200759005386e-05
3.55 -5.99200759005386e-05
3.6 -5.99200759005386e-05
3.65 -5.99200759005386e-05
3.7 -5.99200759005386e-05
3.75 -5.99200759005386e-05
3.8 -5.99200759005386e-05
3.85 -5.99200759005386e-05
3.9 -5.99200759005386e-05
3.95 -5.99200759005386e-05
4 -5.99200759005386e-05
4.05 -5.99200759005386e-05
4.1 -5.99200759005386e-05
4.15 -5.99200759005386e-05
4.2 -5.99200759005386e-05
4.25 -5.99200759005386e-05
4.3 -5.99200759005386e-05
4.35 -5.99200759005386e-05
4.4 -5.99200759005386e-05
4.45 -5.99200759005386e-05
4.5 -5.99200759005386e-05
4.55 -5.99200759005386e-05
4.6 -5.99200759005386e-05
4.65 -5.99200759005386e-05
4.7 -5.99200759005386e-05
4.75 -5.99200759005386e-05
4.8 -5.99200759005386e-05
4.85 -5.99200759005386e-05
4.9 -5.99200759005386e-05
4.95 -5.99200759005386e-05
5 -5.99200759005386e-05
5.05 -5.99200759005386e-05
5.1 -5.99200759005386e-05
5.15 -5.99200759005386e-05
5.2 -5.99200759005386e-05
5.25 -5.99200759005386e-05
5.3 -5.99200759005386e-05
5.35 -5.99200759005386e-05
5.4 -5.99200759005386e-05
5.45 -5.99200759005386e-05
5.5 -5.99200759005386e-05
5.55 -5.99200759005386e-05
5.6 -5.99200759005386e-05
5.65 -5.99200759005386e-05
5.7 0.000795992781150927
5.75 -0.00758638501267949
5.8 -0.0271649582137803
5.85 0.0492099438844589
5.9 -0.0235103867864761
5.95 -0.00874555673446799
6 0.0588473659662162
6.05 0.00683407002390576
6.1 0.0148092549700129
6.15 0.0555536020643401
6.2 0.0416893125456627
6.25 0.0592390247009661
6.3 0.0749292494716863
6.35 0.186109627139428
6.4 0.465265513125605
6.45 0.488804437181209
6.5 0.341729347772608
6.55 0.209427918532728
6.6 0.0910456580111461
6.65 0.0725286911066114
6.7 0.185889099211518
6.75 0.106891882230288
6.8 0.0285765478367184
6.85 0.0230596360392927
6.9 0.0126514232821843
6.95 -0.388154120731214
7 -0.744988475531329
7.05 -1.11601656073805
7.1 -1.58175673075801
7.15 -1.86682267195232
7.2 -2.11079486118221
7.25 -1.87092023623019
7.3 -1.30670335881291
7.35 -0.980811372367705
7.4 -0.834159345994409
7.45 -0.865505373965252
7.5 -0.851654555931467
7.55 -0.888682826757125
7.6 -0.769252775623852
7.65 -0.807453475371535
7.7 -0.792610179514823
7.75 -0.729978646881129
7.8 -0.673076902614864
7.85 -0.612554945660721
7.9 -0.598821337685198
7.95 -0.660201282090179
8 -0.695992009983162
8.05 -0.715659357555226
8.1 -0.692579154984819
8.15 -0.696552164397897
8.2 -0.699983425739346
8.25 -0.659339110100642
8.3 -0.633004781635747
8.35 -0.730130320792333
8.4 -0.722673411283954
8.45 -0.683907569520922
8.5 -0.687616506558544
8.55 -0.659100631160226
8.6 -0.660529133328638
8.65 -0.6923721169966
8.7 -0.665593230264437
8.75 -0.658691784839168
8.8 -0.69802550951001
8.85 -0.724940081671451
8.9 -0.745528218351573
8.95 -0.763357619903715
9 -0.710376595476493
9.05 -0.691107668092644
9.1 -0.678483353067665
9.15 -0.727283170242701
9.2 -0.728885269642285
9.25 -0.716856924723263
9.3 -0.735808334983061
9.35 -0.751768511403599
9.4 -0.703732577524056
9.45 -0.660667438796882
9.5 -0.686082064399145
9.55 -0.680051561879926
9.6 -0.711584808411314
9.65 -0.712568331642475
9.7 -0.746999684990739
9.75 -0.698133754091174
9.8 -0.761523175504529
9.85 -0.882209806960821
9.9 -1.2141023775661
9.95 -1.63975313527761
10 -1.98745969801861
10.05 -2.28762016301774
10.1 -2.45867150462478
10.15 -2.57809824781895
10.2 -2.94681587362242
10.25 -2.81207109824861
10.3 -3.28503151550178
10.35 -3.52397573879273
10.4 -3.28122657618167
10.45 -2.89722426965164
10.5 -2.35134950256318
10.55 -2.14508661966511
10.6 -2.4047834132105
10.65 -2.5378258459921
10.7 -2.74872779751234
10.75 -2.56959165769757
10.8 -2.56088224416896
10.85 -2.19154996801994
10.9 -2.16532061759679
10.95 -2.53313889043423
11 -2.7451402309727
11.05 -2.84662231814615
11.1 -3.09657939858645
11.15 -3.16680334711343
11.2 -3.37896159605043
11.25 -3.50760585032435
11.3 -3.6594997351268
11.35 -3.53885672644219
11.4 -3.23348772192258
11.45 -2.59987262507044
11.5 -2.28418783247981
11.55 -2.18294822640778
11.6 -2.26350385216871
11.65 -2.25977609901315
11.7 -2.20599583563307
11.75 -2.18003372308814
11.8 -2.23065379997431
11.85 -2.15488488012792
11.9 -2.22075773998559
11.95 -2.23288808761007
12 -2.06175306298736
12.05 -2.20037083649642
12.1 -2.15196966166457
12.15 -2.22005365965838
12.2 -2.21389745705983
12.25 -2.24141068004726
12.3 -2.26243194367437
12.35 -2.20326228498675
12.4 -2.24503863023692
12.45 -2.21788467235333
12.5 -2.22244643653161
12.55 -2.22084921370705
12.6 -2.24401201869988
12.65 -2.21425003965523
12.7 -2.24836360729193
12.75 -2.22910616665994
12.8 -2.22148934456198
12.85 -2.2412134016376
12.9 -2.22935632732316
12.95 -2.24140808996434
13 -2.24168882311343
13.05 -2.2235128827424
13.1 -2.23180514115816
13.15 -2.24176612422623
13.2 -2.24859708331103
13.25 -2.24527316157342
13.3 -2.21438043463112
13.35 -2.23820530718964
13.4 -2.21311145522066
13.45 -2.21914470091368
13.5 -2.22476166736142
13.55 -2.20780685620114
13.6 -2.2193690761445
13.65 -2.22423193663486
13.7 -2.2294839776661
13.75 -2.21813008447655
13.8 -2.22068162414394
13.85 -2.20878903469566
13.9 -2.23451287566089
13.95 -2.24557418275596
14 -2.214259432975
14.05 -2.21842377266565
14.1 -2.22123506419569
14.15 -2.21143702116679
14.2 -2.22572949488179
14.25 -2.2278764898777
14.3 -2.26528008001937
14.35 -2.17175182090971
14.4 -2.23020874141846
14.45 -2.22020136318374
14.5 -2.2365019937585
14.55 -2.23033408866843
14.6 -2.24544865342168
14.65 -2.23437361570839
14.7 -2.20661816225391
14.75 -2.21998339540282
14.8 -2.22843723855892
14.85 -2.23253645158077
14.9 -2.22170508034815
14.95 -2.29924330197671
15 -2.5742535592386
15.05 -2.80028566293844
15.1 -3.03349287532374
15.15 -2.86636423668019
15.2 -2.50976695252461
15.25 -2.31937567890706
15.3 -2.23851963568707
15.35 -2.27510651766586
15.4 -2.25616358046861
15.45 -2.27335729431009
15.5 -2.2743887130333
15.55 -2.2724825277787
15.6 -2.27237923899128
15.65 -2.27238623404239
15.7 -2.27238165050102
15.75 -2.27238629655958
15.8 -2.27049015253647
15.85 -2.26313084647152
15.9 -2.27403545438932
15.95 -2.35871474450527
16 -2.62394372074894
16.05 -2.9575924804773
16.1 -3.19826404466451
16.15 -3.55240440133982
16.2 -4.24427170076144
16.25 -4.25985460924978
16.3 -3.82773891321458
16.35 -4.29559077156211
16.4 -3.47895171719517
16.45 -3.00421847349417
16.5 -2.76682587509995
16.55 -2.93512102634015
16.6 -3.12323874535736
16.65 -3.25027929137645
16.7 -3.74197875366559
16.75 -3.84083438068762
16.8 -4.08731052120264
16.85 -4.18338402208887
16.9 -4.42037367079443
16.95 -4.42730419944081
17 -4.6134427539547
17.05 -4.67593779217648
17.1 -4.82555502238244
17.15 -4.86727851462706
17.2 -4.9539958742501
17.25 -4.95000467027924
17.3 -4.91016668414654
17.35 -4.84364821623999
17.4 -4.38844315593563
17.45 -3.87584868951477
17.5 -3.67744991371149
17.55 -3.63204860108999
17.6 -3.63787185799226
17.65 -3.71809950462801
17.7 -3.602299195345
17.75 -3.64320200634283
17.8 -3.60683384094174
17.85 -3.57552656064775
17.9 -3.59018865054
17.95 -3.56449245856422
18 -3.5794957629369
18.05 -3.56778102431059
18.1 -3.58429241108441
18.15 -3.55771508718173
18.2 -3.566928244536
18.25 -3.53349786503792
18.3 -3.56327201102761
18.35 -3.59238217162383
18.4 -3.6503153042542
18.45 -3.49621024963096
18.5 -3.54629003718684
18.55 -3.5643127532065
18.6 -3.55154327778614
18.65 -3.61101462860019
18.7 -3.60889479456898
18.75 -3.58406365528298
18.8 -3.61040679001234
18.85 -3.6434647129933
18.9 -3.57515226035728
18.95 -3.60337102451788
19 -3.66725100725497
19.05 -3.68181444753524
19.1 -3.6732176013563
19.15 -3.70314755166019
19.2 -3.68669707783158
19.25 -3.68596166462904
19.3 -3.69270004544088
19.35 -3.69761592499167
19.4 -3.70255809323382
19.45 -3.77648792936049
19.5 -3.80857246751802
19.55 -3.94486262542109
19.6 -4.05046421150771
19.65 -4.23192709695903
19.7 -4.33138474863844
19.75 -4.53733712794021
19.8 -4.46180278144901
19.85 -4.59010214180355
19.9 -4.74529131923684
19.95 -4.75475929465862
20 -4.72967627126127
20.05 -4.7991075860739
20.1 -4.59100050506433
20.15 -4.86390462456239
20.2 -4.78709326869404
20.25 -5.05261454233958
20.3 -4.79281173085755
20.35 -4.56034582143696
20.4 -5.15814147767945
20.45 -4.79695332636322
20.5 -4.96174749812362
20.55 -5.02119278824722
20.6 -5.62054859848297
20.65 -5.27119800173534
20.7 -4.84715508848469
20.75 -4.37873577131086
20.8 -4.11622862582934
20.85 -4.09294051139093
20.9 -4.0936493292099
20.95 -4.14232467275558
21 -4.06186977114791
21.05 -4.0750034077718
21.1 -4.04054739185818
21.15 -4.02267649766292
21.2 -3.99920016758612
21.25 -4.03334317096129
21.3 -3.97917022672941
21.35 -4.03714789748515
21.4 -4.11024749461283
21.45 -4.40749043804912
21.5 -4.36314117293043
21.55 -5.42902112070698
21.6 -5.25720265845813
21.65 -5.24677186088314
21.7 -5.37337898550112
21.75 -4.69625009182866
21.8 -4.23202978834902
21.85 -4.2721268787209
21.9 -4.2841977418244
21.95 -4.46167848025052
22 -4.82476979064478
22.05 -5.11314925199606
22.1 -5.36788720447133
22.15 -4.8776838875875
22.2 -4.66845876720762
22.25 -4.27951387762167
22.3 -4.22870189611647
22.35 -4.21692395723619
22.4 -4.26820798438987
22.45 -4.23687442957156
22.5 -4.17328211870043
22.55 -4.17098894754992
22.6 -4.1404588911054
22.65 -4.13072774935705
22.7 -4.14129837358026
22.75 -4.15866650110409
22.8 -4.17137084516596
22.85 -4.2117195729244
22.9 -4.19645667804456
22.95 -4.1789752888142
23 -4.15844245972164
23.05 -4.13018694643259
23.1 -4.10002896640137
23.15 -4.10813069011994
23.2 -4.11693381658997
23.25 -4.02697031057957
23.3 -4.05555971284258
23.35 -4.0672872813775
23.4 -4.07961879587805
23.45 -4.07606649278829
23.5 -4.07357712100308
23.55 -4.00695488290241
23.6 -3.99385509318619
23.65 -3.8915924257805
23.7 -3.82789885373243
23.75 -3.7250326750442
23.8 -3.70755549358234
23.85 -3.60925407394355
23.9 -3.69229661828166
23.95 -3.69646748140171
24 -3.71221055186365
24.05 -3.70659519103284
24.1 -3.71244530167322
24.15 -3.68261045993168
24.2 -3.72718727538008
24.25 -3.71246185362445
24.3 -3.72047018012611
24.35 -3.71964098089128
24.4 -3.70023524244947
24.45 -3.7006389950545
24.5 -3.63224999340548
24.55 -3.66730138602572
24.6 -3.71088604279634
24.65 -3.72409995107676
24.7 -3.70329720394664
24.75 -3.71967090068661
24.8 -3.71937640750798
24.85 -3.72651283565295
24.9 -3.72279008138155
24.95 -3.72525965192784
25 -3.7253319362689
25.05 -3.72532976176397
25.1 -3.72535249856774
25.15 -3.72535048177471
25.2 -3.72534367391125
25.25 -3.72535550048033
25.3 -3.7253870020569
25.35 -3.72537864342511
25.4 -3.72539584851576
25.45 -3.72538488719669
25.5 -3.72538038006262
25.55 -3.72539107868142
25.6 -3.72537359041631
25.65 -3.72539507783154
25.7 -3.72541642282433
25.75 -3.72542034080679
25.8 -3.72541829879629
25.85 -3.72544286224193
25.9 -3.72546845631755
25.95 -3.72548814493044
26 -3.72549076961429
26.05 -3.72376328275168
26.1 -3.72541326115481
26.15 -3.72549422912356
26.2 -3.72547831004821
26.25 -3.72549494384784
26.3 -3.72553818265334
26.35 -3.72558320434834
26.4 -3.72561447992385
26.45 -3.72561717196233
26.5 -3.72566770173551
26.55 -3.7257123975524
26.6 -3.72571551016331
26.65 -3.72575411468182
26.7 -3.7257745519183
26.75 -3.7257745519183
26.8 -3.7257745519183
26.85 -3.7257745519183
26.9 -3.7257745519183
26.95 -3.7257745519183
27 -3.7257745519183
27.05 -3.7257745519183
27.1 -3.7257745519183
27.15 -3.7257745519183
27.2 -3.7257745519183
27.25 -3.7257745519183
27.3 -3.7257745519183
27.35 -3.7257745519183
27.4 -3.7257745519183
27.45 -3.7257745519183
27.5 -3.7257745519183
27.55 -3.7257745519183
27.6 -3.7257745519183
27.65 -3.7257745519183
27.7 -3.7257745519183
27.75 -3.7257745519183
27.8 -3.7257745519183
27.85 -3.7257745519183
27.9 -3.7257745519183
27.95 -3.7257745519183