0 -8.37297518068514e-06
0.05 -1.23500340845837e-05
0.1 0.0994595508510521
0.15 0.438465517962338
0.2 0.746576391086041
0.25 0.735019507123103
0.3 1.56078592713119
0.35 1.13617364865488
0.4 0.599844753726336
0.45 0.260917386666791
0.5 0.0495952264825138
0.55 0.0394889186631661
0.6 0.0915161578367989
0.65 0.109412301106794
0.7 0.130073312791373
0.75 0.185888554987854
0.8 0.10071955059986
0.85 0.114460702011985
0.9 0.12057870929411
0.95 0.113413836344049
1 0.066268983113358
1.05 0.158595098207137
1.1 0.151719200741754
1.15 0.17979381114301
1.2 0.178792646370101
1.25 0.141651634284192
1.3 0.104921316889608
1.35 0.221796559478858
1.4 0.167212762547341
1.45 0.176083736024402
1.5 0.164329828622521
1.55 0.190190678942741
1.6 0.172598409743743
1.65 0.145073018895945
1.7 0.139680741866213
1.75 0.159560309285017
1.8 0.187066545113637
1.85 0.186551258688365
1.9 0.16935883304381
1.95 0.0869495444144692
2 0.139715321110567
2.05 0.137683652384923
2.1 0.123668131028435
2.15 0.115812889841842
2.2 0.00116849957889824
2.25 -0.30288391230371
2.3 -0.461220897373956
2.35 -0.613693628915148
2.4 -0.934377939629448
2.45 -1.50102006123246
2.5 -1.43960621954137
2.55 -1.69789818934626
2.6 -1.91356315924247
2.65 -1.79320241939388
2.7 -1.86711414779277
2.75 -1.31974387664359
2.8 -0.63391476739074
2.85 -0.426438711809293
2.9 -0.384626007144154
2.95 -0.414044288500601
3 -0.572013187824487
3.05 -0.83450997310013
3.1 -0.995827485361037
3.15 -1.43098557403612
3.2 -1.6021065337782
3.25 -1.89100114575374
3.3 -2.06206415599704
3.35 -2.23030257903391
3.4 -2.49883742636232
3.45 -2.81657862922593
3.5 -2.93871957004783
3.55 -2.88600144822226
3.6 -2.98085310388872
3.65 -3.93782614306583
3.7 -3.7125650913569
3.75 -3.95473306021117
3.8 -4.47609411616823
3.85 -4.51292438062411
3.9 -3.35333112020457
3.95 -3.91649482347697
4 -2.94883439202928
4.05 -2.68597596452944
4.1 -2.57648141587706
4.15 -2.62816113410429
4.2 -2.71457664338455
4.25 -2.67308954336735
4.3 -2.57143375698375
4.35 -2.60499556516945
4.4 -2.55981181008741
4.45 -2.51995471930024
4.5 -2.57781336602212
4.55 -2.51354591445539
4.6 -2.24872659836059
4.65 -2.33158307045319
4.7 -2.39744138919406
4.75 -2.1878227221996
4.8 -2.36275793609772
4.85 -2.40981203579994
4.9 -2.49904910521858
4.95 -2.6015973300688
5 -2.67690194956289
5.05 -2.68873471471185
5.1 -2.57833627954157
5.15 -2.54598804125544
5.2 -2.57205843960621
5.25 -2.63796086007393
5.3 -2.6643047672986
5.35 -2.66587985371673
5.4 -2.63275974194983
5.45 -2.66184533120083
5.5 -2.70516290989661
5.55 -2.67918115052019
5.6 -2.64308284269462
5.65 -2.65128915103304
5.7 -2.6517866883461
5.75 -2.60265166758211
5.8 -2.5710986051185
5.85 -2.5559729163108
5.9 -2.59795400010737
5.95 -2.60485607651512
6 -2.59564318638217
6.05 -2.57521250011171
6.1 -2.53609217037452
6.15 -2.60681393057026
6.2 -2.65255858529333
6.25 -2.51886216470754
6.3 -2.57223025885021
6.35 -2.61410255538234
6.4 -2.59490344002586
6.45 -2.6480756092131
6.5 -2.71308612760872
6.55 -3.16787868552097
6.6 -3.34044138450101
6.65 -3.83144061591974
6.7 -4.00225060166077
6.75 -4.1500253438722
6.8 -4.21351171137274
6.85 -4.53066885841898
6.9 -4.16129447689051
6.95 -5.38518578799661
7 -4.91963058834864
7.05 -5.35791707069559
7.1 -5.60127506157535
7.15 -5.78566015076787
7.2 -5.98060656914409
7.25 -6.24480690248312
7.3 -6.21904352607331
7.35 -5.8287575052769
7.4 -5.01204848260241
7.45 -4.67021213587211
7.5 -4.46133780185641
7.55 -4.53068006691138
7.6 -4.5340590484305
7.65 -4.52962813542324
7.7 -4.66332008469322
7.75 -4.50437157798055
7.8 -4.46035562697054
7.85 -4.42704777069767
7.9 -4.44542303911876
7.95 -4.4508422573773
8 -4.47938461990149
8.05 -4.47048181553979
8.1 -4.4153950887869
8.15 -4.44885714856894
8.2 -4.43133262664449
8.25 -4.44811740165262
8.3 -4.43426694554278
8.35 -4.44537631454629
8.4 -4.50876637633893
8.45 -4.49959751849045
8.5 -4.44398263852093
8.55 -4.53584746012297
8.6 -4.54298338516847
8.65 -4.64520454531115
8.7 -4.80078595053847
8.75 -5.15129712387029
8.8 -5.27247044130667
8.85 -5.59425573777748
8.9 -5.69541528929505
8.95 -6.1484708504013
9 -5.60442078430545
9.05 -7.0065258994933
9.1 -6.86223414719244
9.15 -6.76607663501463
9.2 -7.4218148820202
9.25 -7.4460414689224
9.3 -6.87575969999442
9.35 -8.63732101606851
9.4 -8.15239229216183
9.45 -8.69482691216061
9.5 -8.83463510967519
9.55 -9.20971018177726
9.6 -9.24376775837914
9.65 -8.64028673332343
9.7 -7.97309948359584
9.75 -7.54263342915504
9.8 -7.46543108252702
9.85 -7.61892175013353
9.9 -8.23011382723511
9.95 -8.00984800350962
10 -7.70531018885514
10.05 -7.41316303705378
10.1 -7.40844031634121
10.15 -7.41314117695978
10.2 -7.47078926271935
10.25 -7.38529505688862
10.3 -7.36412060421461
10.35 -7.30953739081997
10.4 -7.32419807589716
10.45 -7.34762348660689
10.5 -7.30149603581321
10.55 -7.30843488088477
10.6 -7.3189512961416
10.65 -7.34527209060666
10.7 -7.3271031532277
10.75 -7.31990122234631
10.8 -7.34085507809646
10.85 -7.36993932907061
10.9 -7.3960544414319
10.95 -7.33403950042463
11 -7.32831566036023
11.05 -7.31670671981826
11.1 -7.34085757042318
11.15 -7.28588236464164
11.2 -7.34910187372049
11.25 -7.37923569376579
11.3 -7.39694533395881
11.35 -7.42972906888717
11.4 -7.42030231285867
11.45 -7.78168440668477
11.5 -7.9640846116097
11.55 -8.57446067530835
11.6 -8.61208784173212
11.65 -8.89843551289314
11.7 -8.96579817168942
11.75 -9.21382848593961
11.8 -9.23343353889446
11.85 -9.57804897938569
11.9 -9.41432257778314
11.95 -10.0820546219206
12 -10.1903356631133
12.05 -10.2473151820806
12.1 -9.95426279272577
12.15 -11.1162758171734
12.2 -10.982374961134
12.25 -11.0917450668502
12.3 -10.6196572785549
12.35 -9.91306404431082
12.4 -9.46391781074396
12.45 -9.27350189973924
12.5 -9.41065968331364
12.55 -9.38063171978864
12.6 -9.25462422041569
12.65 -9.24952586966824
12.7 -9.24581867701596
12.75 -9.25625712530843
12.8 -9.24287303993268
12.85 -9.23390274402751
12.9 -9.15325440688005
12.95 -9.22280780648502
13 -9.27040618868161
13.05 -9.40362368531139
13.1 -9.62367145555843
13.15 -9.9668505230697
13.2 -10.2868324923182
13.25 -10.487434879169
13.3 -10.7306535007871
13.35 -10.8743560189956
13.4 -10.7113208815311
13.45 -11.4569785767614
13.5 -11.3368234083522
13.55 -11.43679299031
13.6 -11.7950513856208
13.65 -11.8943235604884
13.7 -12.2588118410603
13.75 -12.2844487131874
13.8 -12.5959681502904
13.85 -12.6707929490648
13.9 -13.0607083543736
13.95 -13.1030776317009
14 -14.4457182797692
14.05 -13.9977600387405
14.1 -14.3814856364713
14.15 -14.421657046693
14.2 -13.7564118207479
14.25 -13.1345198902725
14.3 -12.6679382178951
14.35 -12.6032015182026
14.4 -12.5825889373491
14.45 -12.5778681749356
14.5 -12.6338776784469
14.55 -12.515633399329
14.6 -12.4608523478122
14.65 -12.5017553225713
14.7 -12.4513771787501
14.75 -12.511503426614
14.8 -12.5277638251624
14.85 -12.494004289117
14.9 -12.5102966089856
14.95 -12.4712444341089
15 -12.5097570977719
15.05 -12.4735732444863
15.1 -12.4195079388427
15.15 -12.4614540430425
15.2 -12.4991440109349
15.25 -12.5354523787742
15.3 -12.4944413098573
15.35 -12.4902848280065
15.4 -12.4746621953251
15.45 -12.5173637423897
15.5 -12.5026699817685
15.55 -12.477613154931
15.6 -12.5324926270343
15.65 -12.54475146791
15.7 -12.4447924493344
15.75 -12.5370039054379
15.8 -12.1568913864651
15.85 -11.8419460006919
15.9 -11.712173862055
15.95 -11.2531097683977
16 -11.1231091624359
16.05 -11.0694597446697
16.1 -10.896843934571
16.15 -11.1299245222799
16.2 -10.2684002929195
16.25 -10.3337738652108
16.3 -10.0721113759253
16.35 -10.1463062013464
16.4 -9.7593850684524
16.45 -9.55158698081251
16.5 -9.66485074022011
16.55 -8.92992027321707
16.6 -8.81342530053401
16.65 -8.58311211575389
16.7 -8.40959537680732
16.75 -7.78546227197737
16.8 -8.08549159949264
16.85 -8.86926051363885
16.9 -9.35288746345467
16.95 -9.68028866425928
17 -9.75191591269408
17.05 -9.4554510972218
17.1 -9.07765901356822
17.15 -8.73998999931181
17.2 -8.48757455092989
17.25 -8.17091163513969
17.3 -8.05204175162824
17.35 -7.99086102272878
17.4 -8.18224398737678
17.45 -8.72541532081719
17.5 -9.11520629035637
17.55 -9.36880699148977
17.6 -9.41727433276768
17.65 -9.36752782198794
17.7 -9.3212011592938
17.75 -9.31075422317561
17.8 -9.33307510562892
17.85 -9.32653757750792
17.9 -9.30976001521791
17.95 -9.2944541964774
18 -9.18531866056889
18.05 -9.1790500543454
18.1 -8.93774959855982
18.15 -8.30108498360216
18.2 -8.14574949113089
18.25 -7.832061282782
18.3 -7.69815819334915
18.35 -7.53820899586142
18.4 -7.12263406583504
18.45 -7.69867340035352
18.5 -7.9377956904701
18.55 -8.67913395134398
18.6 -8.86953498507549
18.65 -8.89907667035627
18.7 -8.90574711249261
18.75 -8.89844860559764
18.8 -8.90633154071
18.85 -8.90048068480148
18.9 -8.89529802581312
18.95 -8.90437190831722
19 -8.90481107250374
19.05 -8.87892828736178
19.1 -8.79628481085644
19.15 -8.84373615177823
19.2 -8.82954840261009
19.25 -8.82014160803059
19.3 -8.84261256164083
19.35 -8.79150840933802
19.4 -8.82565831641068
19.45 -8.85272876034763
19.5 -8.78642953065541
19.55 -8.85642572635446
19.6 -8.85148815594213
19.65 -8.77064719702239
19.7 -8.48365608049244
19.75 -8.06448371139131
19.8 -7.75266375213691
19.85 -7.635155415339
19.9 -7.43685542224179
19.95 -7.40156616638289
20 -7.24191688941947
20.05 -7.83163071669118
20.1 -8.44814237636925
20.15 -8.62128099814884
20.2 -8.69409959588345
20.25 -8.64011836865054
20.3 -8.63191307963669
20.35 -8.60952862245113
20.4 -8.62689010355702
20.45 -8.64013054254663
20.5 -8.59197162018888
20.55 -8.6570574799162
20.6 -8.64295619982031
20.65 -8.66889620160929
20.7 -8.6696725088888
20.75 -8.68802198333235
20.8 -8.67252905500489
20.85 -8.6616846826185
20.9 -8.19544931195282
20.95 -7.89259008932899
21 -7.63549813128204
21.05 -7.73876966683715
21.1 -7.87822517874783
21.15 -8.01557769242737
21.2 -8.18607331011387
21.25 -8.41713085877957
21.3 -8.48129128561139
21.35 -8.8817785812443
21.4 -8.90709070224597
21.45 -8.65159824999875
21.5 -8.55908198236574
21.55 -8.61476393992785
21.6 -8.62072200307316
21.65 -8.61056057960836
21.7 -8.14179528405514
21.75 -7.87138460044022
21.8 -7.8885152092193
21.85 -8.62579495998604
21.9 -8.7641812190887
21.95 -8.57723606847046
22 -8.62135714937118
22.05 -8.63676058815767
22.1 -8.62046011139255
22.15 -8.57436640019555
22.2 -8.20937344542502
22.25 -7.76969682340591
22.3 -7.07550397649982
22.35 -7.33035504392924
22.4 -7.72919482555459
22.45 -8.10404896220924
22.5 -8.48010380166497
22.55 -8.07596299969304
22.6 -7.79322689241098
22.65 -7.50489193561119
22.7 -7.35885956485444
22.75 -6.9633745863902
22.8 -6.90886093650957
22.85 -6.86993353157325
22.9 -6.14014843896553
22.95 -6.37173335942992
23 -6.15158578017821
23.05 -6.22531298061769
23.1 -6.81840824419517
23.15 -7.30850696314608
23.2 -7.60226135962628
23.25 -7.74444336291316
23.3 -7.74699693886578
23.35 -7.73272675055988
23.4 -7.72729583519566
23.45 -7.73167687283867
23.5 -7.73145895357484
23.55 -7.74457856122354
23.6 -7.74926399612743
23.65 -7.6957879475571
23.7 -7.70438568809195
23.75 -7.67263316321839
23.8 -7.64111959440311
23.85 -7.67059006163813
23.9 -7.64529742695844
23.95 -7.63762533417898
24 -7.65613938680393
24.05 -7.62686441100082
24.1 -7.6679710297808
24.15 -7.62279983447303
24.2 -7.6158795946465
24.25 -7.62699314041106
24.3 -7.65098863861955
24.35 -7.66191281035791
24.4 -7.63639656029639
24.45 -7.63352819505036
24.5 -7.48418378281941
24.55 -7.07047393707787
24.6 -6.6857447072424
24.65 -6.48078869296316
24.7 -6.65574744618307
24.75 -6.19181428933661
24.8 -6.02534056334662
24.85 -5.8358365352417
24.9 -5.47413783320081
24.95 -5.55267622967964
25 -5.22049755535376
25.05 -5.71248173370602
25.1 -4.43824832782982
25.15 -5.98554398292439
25.2 -5.78054768283733
25.25 -6.39415169112093
25.3 -6.64638307942022
25.35 -6.65882856615926
25.4 -6.65491012336885
25.45 -6.62325952748472
25.5 -6.65656794583155
25.55 -6.65820383689532
25.6 -6.63820326198795
25.65 -6.59589228918877
25.7 -6.55756616373683
25.75 -6.57859804521192
25.8 -6.57386844077974
25.85 -6.57312861557521
25.9 -6.60696231305571
25.95 -6.54627772510444
26 -6.57724014886909
26.05 -6.58325044167592
26.1 -6.58426765760764
26.15 -6.5853075046139
26.2 -6.50348012778842
26.25 -6.59070705726949
26.3 -6.5858961100674
26.35 -6.38023118624389
26.4 -5.92895244288741
26.45 -5.69798439941054
26.5 -5.49492868477866
26.55 -6.00913630343213
26.6 -6.45641830248246
26.65 -6.63203933699281
26.7 -6.59767209888104
26.75 -6.61099878340513
26.8 -6.56433734190552
26.85 -6.50391118954907
26.9 -6.55807799739001
26.95 -6.55446501575148
27 -6.54628466895678
27.05 -6.55311994317482
27.1 -6.51113252133939
27.15 -6.58910417727069
27.2 -6.61663966669658
27.25 -6.45221341844024
27.3 -6.17850030736234
27.35 -5.70763258037838
27.4 -5.49008031578902
27.45 -5.3294598631252
27.5 -5.27826252806971
27.55 -4.90532136478662
27.6 -5.27958738687768
27.65 -6.14103737667565
27.7 -3.30841026282427
27.75 -3.60841122786298
27.8 -4.12177147786
27.85 -3.86737936627881
27.9 -3.64215915522363
27.95 -3.42395447824648
28 -3.46250040002058
28.05 -2.84652294937893
28.1 -3.4807633785346
28.15 -3.58601457290756
28.2 -4.39921576127931
28.25 -4.66539368220689
28.3 -4.72638892070302
28.35 -4.59012126844957
28.4 -4.63166318543676
28.45 -4.58984093892299
28.5 -4.63381364900723
28.55 -4.64283585200783
28.6 -4.64155025748258
28.65 -4.6181224743588
28.7 -4.61750486848442
28.75 -4.64648071724155
28.8 -4.67140031338757
28.85 -4.63962733237489
28.9 -4.6149410087864
28.95 -4.64288894525262
29 -4.65322938703659
29.05 -4.65298447503823
29.1 -4.60092097227461
29.15 -4.64225886522905
29.2 -4.63043924935166
29.25 -4.65164270895633
29.3 -4.59705730615639
29.35 -4.62126636549539
29.4 -4.62337640525756
29.45 -4.66582786574552
29.5 -4.61355382599213
29.55 -4.6104955507376
29.6 -4.47176194357432
29.65 -4.44687455073666
29.7 -4.52187620660859
29.75 -4.03793746537367
29.8 -3.70703889353499
29.85 -4.0953147489133
29.9 -3.18103029570853
29.95 -2.75138131062923
30 -3.3599677731482
30.05 -1.48187279146386
30.1 -1.99513708505644
30.15 -1.61981192710873
30.2 -1.4358490335656
30.25 -0.844014483370566
30.3 -0.673404600031369
30.35 0.0412128662039217
30.4 0.214245173074696
30.45 0.523388865373338
30.5 0.908438009478639
30.55 0.971870923506474
30.6 1.61470674369188
30.65 1.72158185398668
30.7 1.27931265637982
30.75 0.66617652263684
30.8 0.24123746643981
30.85 -0.131061060628893
30.9 -0.126563162822532
30.95 -0.00301507548238736
31 0.454414916401893
31.05 1.26101493421569
31.1 1.44417183808373
31.15 1.32714801605696
31.2 1.76050591032343
31.25 1.91289035599924
31.3 2.0183115769766
31.35 1.67989476613569
31.4 2.67782424148591
31.45 2.97735374210245
31.5 3.00439005420108
31.55 2.90942498381374
31.6 3.42221856242072
31.65 3.00190737665345
31.7 2.33340167071379
31.75 1.87663306697391
31.8 1.89293972869271
31.85 1.66212968217821
31.9 1.6355084080215
31.95 1.688638622162
32 1.68045560723192
32.05 1.66252988644792
32.1 1.6498741791405
32.15 1.62855231977538
32.2 1.71969268420873
32.25 1.65317836457647
32.3 1.65312773956677
32.35 1.64719965100397
32.4 1.6820011611857
32.45 1.64283672381358
32.5 1.62710910339199
32.55 1.58424203703818
32.6 1.59950898771901
32.65 1.63140002864129
32.7 1.32827910692921
32.75 1.15644424840917
32.8 0.759499344566875
32.85 0.700509431225237
32.9 0.324593130293508
32.95 0.106042307158676
33 0.0634061106892095
33.05 -0.115464578133008
33.1 -0.428349854798889
33.15 -0.411610674311744
33.2 -0.0897885361610852
33.25 -1.50288659761953
33.3 -1.15112366551679
33.35 -1.40267988922828
33.4 -1.71747665807141
33.45 -1.98655323694106
33.5 -1.98073546641187
33.55 -2.40590175949361
33.6 -2.63066500066613
33.65 -2.46150589512831
33.7 -3.13594926018988
33.75 -2.9380426989065
33.8 -3.45220845511643
33.85 -3.80574785082425
33.9 -2.85869072013736
33.95 -4.95111123818018
34 -4.6962213668145
34.05 -4.68407665615021
34.1 -5.10765406104688
34.15 -5.5585889749295
34.2 -5.44950021496084
34.25 -5.01311841289198
34.3 -4.34852156723316
34.35 -4.83436138556849
34.4 -3.96359590976194
34.45 -3.64901904952749
34.5 -3.63210930441526
34.55 -3.68829346503579
34.6 -3.68686004678512
34.65 -3.6589909920806
34.7 -3.69490009278346
34.75 -3.5936597548144
34.8 -3.62019794181549
34.85 -3.67343535628156
34.9 -3.67129459435697
34.95 -3.66720224157876
35 -3.64185236655025
35.05 -3.66001601861763
35.1 -3.69326869436493
35.15 -3.67280123526495
35.2 -3.67609905504588
35.25 -3.60042526422349
35.3 -3.65137971462179
35.35 -3.67360362955757
35.4 -3.73448129329656
35.45 -3.73405700332127
35.5 -3.72042959663584
35.55 -3.7514230157883
35.6 -3.76608796433822
35.65 -3.72489092332995
35.7 -3.54910552692532
35.75 -2.92878443148626
35.8 -2.54043172267291
35.85 -2.22156962901554
35.9 -1.89172804119235
35.95 -1.64532326639853
36 -1.50635606952794
36.05 -1.39269558172316
36.1 -1.40080047769033
36.15 -0.942470450860255
36.2 -0.881484756330623
36.25 -0.762275762487469
36.3 -0.15264049948321
36.35 -0.0950358771986403
36.4 -0.0890621906453487
36.45 0.335958939861467
36.5 0.708068428259297
36.55 1.12826741281872
36.6 1.25742516492616
36.65 1.58048590914396
36.7 1.64711530975414
36.75 2.11917017789132
36.8 1.30272667337644
36.85 3.4309955213777
36.9 2.58680346751314
36.95 3.57811277503937
37 3.04256500283039
37.05 2.37173564596121
37.1 1.81664393810758
37.15 1.61377032004125
37.2 1.51208135156584
37.25 1.50562701369691
37.3 1.53857587351817
37.35 1.54216058021251
37.4 1.49963745647427
37.45 1.52331593173582
37.5 1.51290029692608
37.55 1.51789963115988
37.6 1.58248524620474
37.65 1.49775214865849
37.7 1.53568406980835
37.75 1.48152481063854
37.8 1.64110916464669
37.85 2.16018929318384
37.9 2.3298302339757
37.95 2.65931964651727
38 2.72623398513259
38.05 2.92656977073951
38.1 3.07156779065788
38.15 3.23446026214137
38.2 3.62108600634256
38.25 3.68846583179178
38.3 3.95903409825459
38.35 4.23131416420081
38.4 4.3963276544612
38.45 4.48101076615685
38.5 4.94183212686211
38.55 5.25115665828909
38.6 5.31431841712924
38.65 5.72226633363459
38.7 5.87806180107555
38.75 6.38391788746448
38.8 6.22981304616091
38.85 5.58401385362614
38.9 5.18016674674338
38.95 4.72043238110006
39 4.66442974562186
39.05 5.11686266385723
39.1 5.30701250932305
39.15 5.81588144862916
39.2 5.65959451760945
39.25 6.2371102225834
39.3 6.21927038946318
39.35 5.58251897110135
39.4 5.18179569334843
39.45 4.99736152734504
39.5 4.87250013889896
39.55 4.8651364207735
39.6 4.83768864039249
39.65 4.8612891748366
39.7 4.88636385925326
39.75 4.84464078489818
39.8 4.87429742810395
39.85 4.8360634019936
39.9 4.82263752013639
39.95 4.84425991165956
40 4.90214993161004
40.05 4.88916674877597
40.1 4.86318339552141
40.15 4.89736961947552
40.2 5.08409340434978
40.25 5.6016648393912
40.3 5.99592590662243
40.35 6.38903508944329
40.4 6.52361692775798
40.45 6.26307373095816
40.5 6.0755420249352
40.55 5.38673141884668
40.6 5.07299226731907
40.65 4.93858035001122
40.7 5.032883821326
40.75 5.03389263927038
40.8 5.02669030081863
40.85 5.02240791811736
40.9 5.02155532787296
40.95 5.02264856951041
41 5.02212730402707
41.05 5.01893112865539
41.1 4.74820988405428
41.15 4.50238826418385
41.2 4.15819040035073
41.25 3.51266527423904
41.3 3.55032710679639
41.35 3.22807015512095
41.4 2.94428642998506
41.45 2.97459891218032
41.5 2.66018178548644
41.55 2.39711483998382
41.6 2.57160075244836
41.65 2.35174863110642
41.7 1.88715369601447
41.75 2.61605491426867
41.8 1.08814626282102
41.85 1.5620328666127
41.9 1.34333198223252
41.95 1.50313868786563
42 0.908591811412165
42.05 0.320204329656374
42.1 0.216249873603859
42.15 0.0388514788289794
42.2 0.032085229970666
42.25 -0.462888890592604
42.3 -0.227844821768702
42.35 -1.40411890459259
42.4 -0.938465353443011
42.45 -1.38750804874936
42.5 -1.55811499032916
42.55 -0.902262099104438
42.6 -0.337597045349996
42.65 0.109208749885094
42.7 0.343168987970039
42.75 0.315138360097635
42.8 0.306494578030075
42.85 0.293341461440305
42.9 0.138524780037175
42.95 -0.244175522852
43 -0.425051317583344
43.05 -0.260997636754586
43.1 0.132579750152637
43.15 0.283855749991622
43.2 0.289661118402423
43.25 0.283704165305205
43.3 0.283249998177678
43.35 0.376616843742742
43.4 0.387164494034142
43.45 0.375884697546975
43.5 0.380270159942411
43.55 0.373821960071775
43.6 0.377638884545742
43.65 0.362413884420583
43.7 0.527415110920343
43.75 1.02934994554342
43.8 1.18870848821642
43.85 1.65224265716797
43.9 2.1729220367226
43.95 2.13117118999491
44 2.4530971466521
44.05 2.40740821947429
44.1 1.92302993143544
44.15 1.63619640871514
44.2 1.16173963527919
44.25 0.91759964984642
44.3 0.790554560916546
44.35 0.859443621759035
44.4 0.828476149135882
44.45 0.833416925091499
44.5 0.824740307351492
44.55 0.827623699144965
44.6 0.827792132896497
44.65 0.827792584480123
44.7 0.828529190859219
44.75 0.85824149354765
44.8 0.776913711485894
44.85 0.829905001289453
44.9 0.824014791900936
44.95 0.823939529744463
45 0.828164148334548
45.05 0.829230699953404
45.1 0.782426742113025
45.15 0.59979180269656
45.2 0.297671736714968
45.25 0.276603396484268
45.3 -0.0111939260324738
45.35 0.161269664206196
45.4 -0.124330277313035
45.45 0.369063565437828
45.5 0.813107509399567
45.55 0.277551514796712
45.6 0.0163406926036482
45.65 -0.506664432917164
45.7 -0.285703152148946
45.75 -1.16324190103292
45.8 -1.29027351637662
45.85 -1.06510430519418
45.9 -1.83945484107221
45.95 -1.82471748911001
46 -2.04484364369596
46.05 -2.56084987068373
46.1 -2.63941379127782
46.15 -2.6894182127813
46.2 -3.4579890302558
46.25 -2.92254383542365
46.3 -4.09722714013595
46.35 -3.14174138484121
46.4 -2.30692701022062
46.45 -2.00646633535453
46.5 -1.72480951347679
46.55 -1.80499155302829
46.6 -2.07365013108771
46.65 -2.59675742149145
46.7 -2.97117940879417
46.75 -3.1764365637633
46.8 -3.20373441084671
46.85 -3.7930903410768
46.9 -3.03436299835735
46.95 -2.59898667878431
47 -2.30716075677189
47.05 -2.09315824623141
47.1 -2.02127372882731
47.15 -2.00666877694369
47.2 -1.99779311597094
47.25 -1.99630445964147
47.3 -2.03417316086341
47.35 -1.97808723477824
47.4 -1.91903356734475
47.45 -1.94430005384713
47.5 -2.02527150712299
47.55 -2.02904244559882
47.6 -1.9998645203735
47.65 -1.99745847183804
47.7 -2.00584612180699
47.75 -1.97128026321273
47.8 -1.90210646385908
47.85 -1.97419155040362
47.9 -1.99780316991222
47.95 -2.02941222357406
48 -2.00118264131719
48.05 -1.99893027268149
48.1 -2.00787852021878
48.15 -2.0062444362151
48.2 -2.04296459563203
48.25 -1.99933746835401
48.3 -2.04084543451082
48.35 -2.00884232548003
48.4 -2.01084301468305
48.45 -1.98123061076345
48.5 -1.94658225273436
48.55 -1.96635443851831
48.6 -2.03490578588962
48.65 -2.07743564878708
48.7 -2.1068020240425
48.75 -2.10861033291896
48.8 -2.12342254126014
48.85 -2.13866718669847
48.9 -2.10848791191227
48.95 -2.14237271859487
49 -2.13124036602163
49.05 -2.13107204119555
49.1 -2.13073791233708
49.15 -2.13079069794483
49.2 -2.13073283428867
49.25 -2.1307215857053
49.3 -2.13074488091692
49.35 -2.1307777306954
49.4 -2.13079501793246
49.45 -2.13080606437982
49.5 -2.13077528480127
49.55 -2.13074087074737
49.6 -2.13069550245303
49.65 -2.13065293009266
49.7 -2.1306377179049
49.75 -2.13059873175026
49.8 -2.13059217380797
49.85 -2.13055964068861
49.9 -2.1305532695348
49.95 -2.13052635457537

0 -1.08946463578922e-05
0.05 -1.49164887439276e-05
0.1 0.0994579786220106
0.15 0.438463567819382
0.2 0.746576245558209
0.25 0.735019425749909
0.3 1.560786587664
0.35 1.13617405778174
0.4 0.599844951481216
0.45 0.260918688755751
0.5 0.0495957169747819
0.55 0.0394886338684121
0.6 0.0915152740034505
0.65 0.109412539629668
0.7 0.130074053392436
0.75 0.185890147697276
0.8 0.100721700340535
0.85 0.114462502920007
0.9 0.120580467501176
0.95 0.113415916368034
1 0.0662725427899031
1.05 0.158599722412739
1.1 0.151722299838562
1.15 0.179797725880803
1.2 0.178797784946964
1.25 0.141657096681521
1.3 0.104928639641409
1.35 0.221803261312241
1.4 0.167218919310544
1.45 0.17609064292789
1.5 0.164337780798257
1.55 0.190281667833423
1.6 0.199886618595515
1.65 0.505086486937369
1.7 1.32416262722237
1.75 2.04996386524391
1.8 2.59304848752447
1.85 2.96474898860475
1.9 3.21030478687492
1.95 3.29713824113959
2 3.47544892166086
2.05 3.57093780705146
2.1 3.63211079233571
2.15 3.67915046870887
2.2 3.57665434506454
2.25 3.18685700842313
2.3 2.8542972845506
2.35 2.56321072757254
2.4 2.11947046937901
2.45 1.41201159946475
2.5 1.36762424753893
2.55 1.02306300161281
2.6 0.733830697571819
2.65 0.803448678308287
2.7 0.692465132248688
2.75 1.22143074952371
2.8 1.90372554807741
2.85 2.11166727639033
2.9 2.15405885126947
2.95 2.12483401691151
3 1.96626882932386
3.05 1.70216732926967
3.1 1.53882591708625
3.15 1.10071529760528
3.2 0.926521684289803
3.25 0.634536918230484
3.3 0.460628349132247
3.35 0.289917826311195
3.4 0.0191628012305198
3.45 -0.300575971888115
3.5 -0.424311010024851
3.55 -0.372711252838726
3.6 -0.468389429504572
3.65 -1.42630090598011
3.7 -1.20169847174581
3.75 -1.44432934036387
3.8 -1.96609840994825
3.85 -2.00322299657523
3.9 -0.843730524296668
3.95 -1.40697283561296
4 -0.439336462037518
4.05 -0.176479287877332
4.1 -0.0669783254468283
4.15 -0.118659684201313
4.2 -0.205078734138243
4.25 -0.163595895090916
4.3 -0.0619413365819824
4.35 -0.0955041766479075
4.4 -0.0503233661674153
4.45 -0.0104630002552058
4.5 -0.0683255975054281
4.55 -0.00405572884186896
4.6 0.260770155099521
4.65 0.177917840494573
4.7 0.112055285346213
4.75 0.321666691029908
4.8 0.146730233255074
4.85 0.0996778093796819
4.9 0.0104439009416237
4.95 -0.0921019175968007
5 -0.167405491513616
5.05 -0.179239093313691
5.1 -0.0688407903641125
5.15 -0.0364867830511589
5.2 -0.0625603240301954
5.25 -0.128462463293276
5.3 -0.15480511302509
5.35 -0.156381185916785
5.4 -0.12325893829078
5.45 -0.15235047094091
5.5 -0.195666727605088
5.55 -0.169685905815425
5.6 -0.13359270839372
5.65 -0.141798695118217
5.7 -0.142285240288202
5.75 -0.0931445928412035
5.8 -0.0615915888398556
5.85 -0.0464638417116149
5.9 -0.0884455190208547
5.95 -0.0953438279464753
6 -0.0861277838375979
6.05 -0.0656988855334518
6.1 -0.0265781862110738
6.15 -0.0972950552796028
6.2 -0.143040368452656
6.25 -0.00934323134769224
6.3 -0.0627075037817073
6.35 -0.104576690854423
6.4 -0.0853794082092241
6.45 -0.13855482152478
6.5 -0.20355860626667
6.55 -0.658348424082252
6.6 -0.83091236339358
6.65 -1.32190943777632
6.7 -1.49271900219664
6.75 -1.64049457903244
6.8 -1.70398265981316
6.85 -2.02114510362616
6.9 -1.65176649870785
6.95 -2.87565886900156
7 -2.41010168284651
7.05 -2.84838685479855
7.1 -3.09173829373678
7.15 -3.27612512373892
7.2 -3.47106941322056
7.25 -3.73526856326665
7.3 -3.70950587127148
7.35 -3.31922199859664
7.4 -2.50251759553551
7.45 -2.16068496491271
7.5 -1.95180958278009
7.55 -2.02114808500583
7.6 -2.02452617863485
7.65 -2.02009406641132
7.7 -2.15378460147779
7.75 -1.99483409235067
7.8 -1.95082128693086
7.85 -1.91751481152919
7.9 -1.93589106515447
7.95 -1.94131117800885
8 -1.96984962701108
8.05 -1.96094350810579
8.1 -1.90585431539767
8.15 -1.93931997183348
8.2 -1.92179557358182
8.25 -1.93857875705299
8.3 -1.92472554496569
8.35 -1.93583392486901
8.4 -1.99922544745757
8.45 -1.99005558650061
8.5 -1.93443821515796
8.55 -2.02630302778877
8.6 -2.03344073110532
8.65 -2.13565955969733
8.7 -2.29124138976696
8.75 -2.64175179520034
8.8 -2.76292592202516
8.85 -3.08471057815567
8.9 -3.18586783580639
8.95 -3.6389211476367
9 -3.09487521810371
9.05 -4.49697828742931
9.1 -4.35268419129689
9.15 -4.25652880067602
9.2 -4.91226735107737
9.25 -4.93649565106716
9.3 -4.36621101133579
9.35 -6.12777479792807
9.4 -5.64285115117533
9.45 -6.1852822789983
9.5 -6.32508666574686
9.55 -6.70016024862855
9.6 -6.73421181660769
9.65 -6.13073191953916
9.7 -5.46354391256679
9.75 -5.03307720650433
9.8 -4.95587385964692
9.85 -5.10936479462318
9.9 -5.72055717188434
9.95 -5.50028587240976
10 -5.19574157410224
10.05 -4.90360070306277
10.1 -4.89888005769669
10.15 -4.90357705318465
10.2 -4.96122423412542
10.25 -4.87572878822603
10.3 -4.85455266683905
10.35 -4.7999694872247
10.4 -4.8146262650356
10.45 -4.83805079798843
10.5 -4.79192385453495
10.55 -4.79886619308227
10.6 -4.8093843452506
10.65 -4.83571085784785
10.7 -4.81754547170984
10.75 -4.81034494466463
10.8 -4.8313010605751
10.85 -4.86038481547121
10.9 -4.88649873392546
10.95 -4.82448490798732
11 -4.81876287896089
11.05 -4.80715397243838
11.1 -4.83130559481614
11.15 -4.77633055817875
11.2 -4.83954833768565
11.25 -4.86967980771945
11.3 -4.88739119562446
11.35 -4.9201752628843
11.4 -4.91075070895069
11.45 -5.27213105466919
11.5 -5.45452975333014
11.55 -6.06490620369869
11.6 -6.10253056993932
11.65 -6.38887151846664
11.7 -6.45623536964122
11.75 -6.70426475630782
11.8 -6.72386542749879
11.85 -7.0684799727076
11.9 -6.90475571725215
11.95 -7.57249147651731
12 -7.68077880043529
12.05 -7.73775994604672
12.1 -7.44470360137118
12.15 -8.60671562945349
12.2 -8.47282186503522
12.25 -8.58219157704525
12.3 -8.11009674873868
12.35 -7.40350909568788
12.4 -6.95436380102402
12.45 -6.76394888867637
12.5 -6.90110587594491
12.55 -6.87107410669006
12.6 -6.7450613528761
12.65 -6.73995816471943
12.7 -6.73625399224416
12.75 -6.74668801824338
12.8 -6.73329954954192
12.85 -6.72432133550893
12.9 -6.64367010678985
12.95 -6.71322106464264
13 -6.76082121661348
13.05 -6.89403647702683
13.1 -7.11408226455678
13.15 -7.45725927653444
13.2 -7.77723646647215
13.25 -7.97783890915271
13.3 -8.22106011257639
13.35 -8.36476745323086
13.4 -8.20174014493351
13.45 -8.94740650082111
13.5 -8.8283724244303
13.55 -7.84952033454561
13.6 -5.37476573942869
13.65 -2.81625320906106
13.7 -2.42639937290654
13.75 -2.67589987725228
13.8 -3.18754630274206
13.85 -3.39875579637347
13.9 -3.8939316077147
13.95 -4.00956258303588
14 -5.43240278533651
14.05 -5.03308349742597
14.1 -5.44906553279396
14.15 -5.51145686395241
14.2 -4.85622643532404
14.25 -4.23730217193774
14.3 -3.77094919079428
14.35 -3.70608705556408
14.4 -3.68540969688448
14.45 -3.68065415044132
14.5 -3.73670696575907
14.55 -3.61840075722296
14.6 -3.56350257834554
14.65 -3.60433175655226
14.7 -3.5538722258387
14.75 -3.61395141926154
14.8 -3.63018605977611
14.85 -3.5963943143465
14.9 -3.61265657453606
14.95 -3.57357867069825
15 -3.61206883213001
15.05 -3.57586454990952
15.1 -3.52177462341363
15.15 -3.56370511248747
15.2 -3.60138990358566
15.25 -3.63769240103722
15.3 -3.59667837557916
15.35 -3.59251670476502
15.4 -3.57689121455409
15.45 -3.61959587874408
15.5 -3.60490423419023
15.55 -3.57984656192084
15.6 -3.6347271164186
15.65 -3.64698103719007
15.7 -3.54701684986451
15.75 -3.63922738047006
15.8 -3.25911142288785
15.85 -2.94415939373257
15.9 -2.81438123104997
15.95 -2.35530809250079
16 -2.22529898982052
16.05 -2.17163745537136
16.1 -1.99901332737416
16.15 -2.23208864983742
16.2 -1.37055786705326
16.25 -1.43592437760576
16.3 -1.17425872741827
16.35 -1.24845447482742
16.4 -0.861538263711719
16.45 -0.653739956413465
16.5 -0.766999828385257
16.55 -0.0320663332327946
16.6 0.0844293600001414
16.65 0.314745669901444
16.7 0.488266271343484
16.75 1.11240353663122
16.8 0.8123729633197
16.85 0.0286016591421094
16.9 -0.455020343630664
16.95 -0.782421803910419
17 -0.854046704637251
17.05 -0.557583083651439
17.1 -0.179790853374243
17.15 0.157877645265506
17.2 0.410289618809658
17.25 0.726957920248418
17.3 0.845828272005555
17.35 0.907011526416259
17.4 0.71562477899128
17.45 0.172447470302892
17.5 -0.217347138578553
17.55 -0.470948420701539
17.6 -0.519416124341927
17.65 -0.469669838595948
17.7 -0.42334617408257
17.75 -0.412904376589284
17.8 -0.435223680353103
17.85 -0.428683393596626
17.9 -0.41190452566607
17.95 -0.396598957509406
18 -0.287464239789987
18.05 -0.281190612294694
18.1 -0.039888617929728
18.15 0.596777328228986
18.2 0.752115894398231
18.25 1.06581126795088
18.3 1.19971408704915
18.35 1.35966181866991
18.4 1.77523777096667
18.45 1.19920364972763
18.5 0.960080732615023
18.55 0.218741230438077
18.6 0.0283399583493379
18.65 -0.0012025438743108
18.7 -0.00787538263621763
18.75 -0.00057904888184249
18.8 -0.00846406400388666
18.85 -0.00261301623668213
18.9 0.00257035922104062
18.95 -0.00650265506170891
19 -0.0069423812734648
19.05 0.0189385355908266
19.1 0.101583691138419
19.15 0.0541351221424966
19.2 0.0683239284363844
19.25 0.0777232953055194
19.3 0.0552510387342928
19.35 0.106361284292665
19.4 0.0722150065962423
19.45 0.0451428023041536
19.5 0.111444128678732
19.55 0.0414477495026918
19.6 0.0463934812983369
19.65 0.127236824331078
19.7 0.414231227869122
19.75 0.833404221755217
19.8 1.14522500059184
19.85 1.26273438582469
19.9 1.4610341711841
19.95 1.49632668390667
20 1.65597447609617
20.05 1.06625671104128
20.1 0.449740453767917
20.15 0.27660292389234
20.2 0.203786703317579
20.25 0.257767644320924
20.3 0.26597349734106
20.35 0.28835787042044
20.4 0.27100049107873
20.45 0.257761890038647
20.5 0.30591861943783
20.55 0.240837049965763
20.6 0.254937591576545
20.65 0.228998104273639
20.7 0.228218532227265
20.75 0.209862305892214
20.8 0.225357604852825
20.85 0.236202615702849
20.9 0.702436401133562
20.95 1.00529600487084
21 1.26238835240454
21.05 1.15911248597179
21.1 1.01965808520173
21.15 0.882303788884904
21.2 0.711805914632816
21.25 0.480752106614831
21.3 0.416591099010113
21.35 0.016101180734207
21.4 -0.00920861807924972
21.45 0.24628424651268
21.5 0.338799360745065
21.55 0.283118364050712
21.6 0.277159461307163
21.65 0.287323134591616
21.7 0.756085421958916
21.75 1.0264919450244
21.8 1.00936272502343
21.85 0.272090433147532
21.9 0.133700373217346
21.95 0.320645144122801
22 0.276525555755426
22.05 0.261123233440828
22.1 0.277427735358554
22.15 0.323528994557349
22.2 0.688525819215828
22.25 1.12820292187649
22.3 1.82239729019129
22.35 1.56754800576146
22.4 1.16870459017927
22.45 0.79385206773372
22.5 0.417801680311493
22.55 0.821940161138845
22.6 1.10467588255456
22.65 1.39300986416702
22.7 1.53904576281594
22.75 1.93453407990978
22.8 1.98904823072167
22.85 2.02798001512866
22.9 2.75776781526182
22.95 2.52618496267321
23 2.74633287157481
23.05 2.67260818815522
23.1 2.0795117778964
23.15 1.58941542239003
23.2 1.29566114020853
23.25 1.15347829330349
23.3 1.15092084945433
23.35 1.16518763517884
23.4 1.17061741298302
23.45 1.16623220748655
23.5 1.16645033471233
23.55 1.15333543977197
23.6 1.14865179610835
23.65 1.20213176403183
23.7 1.19353263388396
23.75 1.22528761223351
23.8 1.25679907449234
23.85 1.22732737605552
23.9 1.25262018102433
23.95 1.26029073145315
24 1.24177941776477
24.05 1.2711252997133
24.1 1.19700832951766
24.15 0.959922882688769
24.2 0.599051656458676
24.25 0.243654507450457
24.3 -0.0704598204760925
24.35 -0.320106333793481
24.4 -0.488319061621252
24.45 -0.662445746591176
24.5 -0.645266588323961
24.55 -0.22654811822137
24.6 0.430928296186283
24.65 0.903489246794071
24.7 0.873094259325195
24.75 1.4667887555696
24.8 1.7448138368039
24.85 2.02407708395076
24.9 2.46471416319827
24.95 2.4421042026093
25 2.81970143566649
25.05 2.35329744942247
25.1 3.65996743014429
25.15 2.12463646330332
25.2 2.33520797096002
25.25 1.72352206311081
25.3 1.47121979293212
25.35 1.45863922253483
25.4 1.46252947926655
25.45 1.49423094266625
25.5 1.46092202372006
25.55 1.45927532583009
25.6 1.47928908038976
25.65 1.52164900813119
25.7 1.56004805107909
25.75 1.53906690479165
25.8 1.54384082685491
25.85 1.54462118606948
25.9 1.510807735909
25.95 1.57152028430918
26 1.54057969741193
26.05 1.53458190062457
26.1 1.53357771187811
26.15 1.53253815806618
26.2 1.6143785305651
26.25 1.52715446736475
26.3 1.53196666081483
26.35 1.73764565220239
26.4 2.18897565386003
26.45 2.42000865823824
26.5 2.62313046942011
26.55 2.10895988666332
26.6 1.66168468939548
26.65 1.48606057385937
26.7 1.52042550530927
26.75 1.50709713573301
26.8 1.5537590444528
26.85 1.61418195403325
26.9 1.56001464180402
26.95 1.5636310319883
27 1.57180827373117
27.05 1.5649679244694
27.1 1.60695400542339
27.15 1.52898258283274
27.2 1.50144495556695
27.25 1.66586701401311
27.3 1.93958042280213
27.35 2.41044711435503
27.4 2.62800616560907
27.45 2.78863105274181
27.5 2.83983121202829
27.55 3.21277125624416
27.6 2.83850667119716
27.65 1.9770599578707
27.7 4.80968844898058
27.75 4.50969122132475
27.8 3.9963354232006
27.85 4.2507253855611
27.9 4.47594958833571
27.95 4.69415592983508
28 4.65560982608848
28.05 5.27159038274721
28.1 4.63734958869922
28.15 4.53209992003254
28.2 3.71889441504928
28.25 3.45271460057383
28.3 3.39172316331794
28.35 3.52799095471038
28.4 3.48644875894544
28.45 3.52827073049628
28.5 3.48430057106754
28.55 3.47528197919341
28.6 3.47656709393723
28.65 3.49999160375184
28.7 3.50060233402345
28.75 3.47162692838858
28.8 3.44670938089788
28.85 3.47848185685903
28.9 3.50316416782712
28.95 3.47521448737895
29 3.46487257790889
29.05 3.4651176785832
29.1 3.5171804904187
29.15 3.47583666487077
29.2 3.48765024295841
29.25 3.46644724159662
29.3 3.52103379897256
29.35 3.49682842168833
29.4 3.49471501239869
29.45 3.45225506922687
29.5 3.50452672724042
29.55 3.50757972397388
29.6 3.64630666248469
29.65 3.67118947512677
29.7 3.59618593606129
29.75 4.08012314151832
29.8 4.41102322106607
29.85 4.02274621214261
29.9 4.93703515198702
29.95 5.3666847346208
30 4.75808855923141
30.05 6.63618003395866
30.1 6.12291416245581
30.15 6.49823727044641
30.2 6.68219929824261
30.25 7.27403593953627
30.3 7.44464875008349
30.35 8.15926098980793
30.4 8.33228913600607
30.45 8.64143194656636
30.5 9.02648729190436
30.55 9.08992114883089
30.6 9.73275712517955
30.65 9.83963163879196
30.7 9.39735851486627
30.75 8.78421696756009
30.8 8.35927841288992
30.85 7.98697905910097
30.9 7.99147549792181
30.95 8.1150274032176
31 8.57245825246711
31.05 9.37905799288015
31.1 9.56221355528392
31.15 9.44518549122195
31.2 9.87853649430263
31.25 10.0309182927689
31.3 10.1363425467608
31.35 9.79792848780554
31.4 10.7958560283212
31.45 11.0953890708747
31.5 11.1224253592529
31.55 11.027457753462
31.6 11.5402522731492
31.65 11.1199423451991
31.7 10.4514386832305
31.75 9.99466454895657
31.8 10.0109636213849
31.85 9.78015546758543
31.9 9.7535384676771
31.95 9.80667106020797
32 9.79848896434996
32.05 9.78055950618942
32.1 9.76790124864482
32.15 9.74657788186884
32.2 9.83771878455504
32.25 9.77120618936619
32.3 9.77116130459112
32.35 9.76523694448932
32.4 9.80004131412884
32.45 9.76088173548811
32.5 9.74515613178187
32.55 9.70229326586111
32.6 9.7175596038481
32.65 9.74945710651909
32.7 9.44634121107938
32.75 9.27450726534184
32.8 8.87756444441206
32.85 8.81857789815015
32.9 8.44265750804576
32.95 8.22410785191369
33 8.18147429365344
33.05 8.00260686088075
33.1 7.68971755855973
33.15 7.70645738458088
33.2 8.02827747013539
33.25 6.61517717596369
33.3 6.96693844714302
33.35 6.71537543324233
33.4 6.40057886413971
33.45 6.13150316004168
33.5 6.13732294447876
33.55 5.71215447778747
33.6 5.4873901248396
33.65 5.65654921480614
33.7 4.9821096857818
33.75 5.18001453250036
33.8 4.66584665191206
33.85 4.31231167614296
33.9 5.2593729571638
33.95 3.16695194353296
34 3.42183849475348
34.05 3.43398667636757
34.1 3.01040689206177
34.15 2.55947482632699
34.2 2.66856011683591
34.25 3.10494333828653
34.3 3.76954341588965
34.35 3.28370602764095
34.4 4.15447054444507
34.45 4.46904554733401
34.5 4.48594881908513
34.55 4.42976424072576
34.6 4.43119547702844
34.65 4.45906303252223
34.7 4.42315071888196
34.75 4.52438909850549
34.8 4.49785394486037
34.85 4.44461834845879
34.9 4.44675731432028
34.95 4.45085015704371
35 4.47626653539119
35.05 4.30949219015897
35.1 3.81347734373949
35.15 3.38225498736035
35.2 3.1987089765522
35.25 3.27864841065642
35.3 3.23822695754808
35.35 3.22162309899335
35.4 3.16202348875771
35.45 3.16301450144739
35.5 3.17766907367495
35.55 3.1469074000193
35.6 3.1319977141223
35.65 3.17359520662104
35.7 3.35208292134576
35.75 3.98228787880076
35.8 4.38441626144515
35.85 4.71792305083989
35.9 5.06224739431305
35.95 5.32167462420678
36 5.47122551457924
36.05 5.59310125054601
36.1 5.59094287250362
36.15 6.05461809299338
36.2 6.11974193650424
36.25 6.24199128257832
36.3 6.85445895864951
36.35 6.91418547252225
36.4 6.92157784027718
36.45 7.34776722251313
36.5 7.72085003603928
36.55 8.14183704087956
36.6 8.27155737277151
36.65 8.59503266593556
36.7 8.66194972687686
36.75 9.1342284164894
36.8 8.31788582854493
36.85 10.446316111158
36.9 9.60221869634607
36.95 10.5936011712508
37 10.0580951025481
37.05 9.38727705595178
37.1 8.83218846678903
37.15 8.62931716183544
37.2 8.52763220574904
37.25 8.52117915572816
37.3 8.55413095635844
37.35 8.55771852050562
37.4 8.51519815434417
37.45 8.53888047263737
37.5 8.52846227336201
37.55 8.53346162550129
37.6 8.59804788697633
37.65 8.51331239760114
37.7 8.55124529825907
37.75 8.49713291923487
37.8 7.49945103602302
37.85 5.24287829914639
37.9 3.09336636751909
37.95 1.85520406827654
38 0.850568892535936
38.05 0.313320448658487
38.1 0.4560282592082
38.15 0.912674180819936
38.2 1.53530566662026
38.25 1.76695651732917
38.3 2.16134787668166
38.35 2.53130610163818
38.4 2.76888230828092
38.45 2.90480704943536
38.5 3.40847843748293
38.55 3.75221648704473
38.6 3.83926897673183
38.65 4.26595621288417
38.7 4.43556129007647
38.75 4.95264748586536
38.8 4.80577947867596
38.85 4.16314355860538
38.9 3.76053809170293
38.95 3.30112723828202
39 3.24525491983816
39.05 3.69810878384284
39.1 3.88877385518828
39.15 4.39831065139573
39.2 4.24253235748974
39.25 4.820608815509
39.3 4.80322951099161
39.35 4.16668791211286
39.4 3.76603534342601
39.45 3.58162993463885
39.5 3.45677607205891
39.55 3.44941860330016
39.6 3.42198029416145
39.65 3.44558328269254
39.7 3.47065860514856
39.75 3.42893777573854
39.8 3.45860119893324
39.85 3.42037288259429
39.9 3.40694355196994
39.95 3.42856590198092
40 3.48645481692838
40.05 3.47347242990812
40.1 3.44749287468027
40.15 3.48168109065857
40.2 3.66841156127765
40.25 4.18598680083481
40.3 4.5802548973984
40.35 4.97337149168125
40.4 5.1079580463388
40.45 4.84742266640263
40.5 4.6598954992375
40.55 3.97108494262808
40.6 3.65735111313982
40.65 3.52293942728577
40.7 3.61724451500765
40.75 3.61825318749153
40.8 3.61105061236899
40.85 3.6067669389796
40.9 3.60591305698544
40.95 3.60700540533072
41 3.60648214989559
41.05 3.60328555617079
41.1 3.33256378471946
41.15 3.08674541811973
41.2 2.74255034796819
41.25 2.09702546717207
41.3 2.13468461985868
41.35 1.81242023918885
41.4 1.52863255156466
41.45 1.55894023970313
41.5 1.24452081142213
41.55 0.981451194080553
41.6 1.15593630994301
41.65 0.936084081790716
41.7 0.471488747247407
41.75 1.20039099532598
41.8 -0.327516746028697
41.85 0.146374474200606
41.9 -0.072322361311792
41.95 0.0874881018241966
42 -0.50706259299351
42.05 -1.09545229712743
42.1 -1.19940713111289
42.15 -1.37680663833843
42.2 -1.38356991937498
42.25 -1.87854182505193
42.3 -1.64350165259524
42.35 -2.81977187734994
42.4 -2.35411921229471
42.45 -2.80315932870959
42.5 -2.9737688042902
42.55 -2.31791755235682
42.6 -1.75325618954838
42.65 -1.30645298995916
42.7 -1.07249217773448
42.75 -1.10052114696525
42.8 -1.10916301565124
42.85 -1.12231303930178
42.9 -1.27712845376212
42.95 -1.65982747834031
43 -1.84070258558168
43.05 -1.67665220360707
43.1 -1.28308021315954
43.15 -1.13180882997768
43.2 -1.12600828342187
43.25 -1.13196537887942
43.3 -1.13241934875073
43.35 -1.03905314948109
43.4 -1.02850930595854
43.45 -1.0397909889675
43.5 -1.03541118946476
43.55 -1.04186176596025
43.6 -1.03804597598894
43.65 -1.05327318907332
43.7 -0.888271783202587
43.75 -0.386335431931298
43.8 -0.226977789414758
43.85 0.236552570762385
43.9 0.75723252354243
43.95 0.715483320670146
44 1.03741103039697
44.05 0.991721850717337
44.1 0.507340898605559
44.15 0.220504088332013
44.2 -0.253955783902025
44.25 -0.498098022897709
44.3 -0.625142689174688
44.35 -0.556252093964557
44.4 -0.587217884399947
44.45 -0.582281572605209
44.5 -0.59096090221509
44.55 -0.58807530031694
44.6 -0.587906264319797
44.65 -0.587902033701222
44.7 -0.587159461528027
44.75 -0.557445032208093
44.8 -0.638773129320101
44.85 -0.585782563624011
44.9 -0.591677045110244
44.95 -0.591752532466196
45 -0.587525116748976
45.05 -0.586457544381194
45.1 -0.63325747584219
45.15 -0.815895644817872
45.2 -1.11801682571416
45.25 -1.1390863667517
45.3 -1.42688483279179
45.35 -1.2544186122591
45.4 -1.54001787196089
45.45 -1.04662275415551
45.5 -0.602576923855485
45.55 -1.13813092958582
45.6 -1.39934020224745
45.65 -1.92234750738911
45.7 -1.70138799343555
45.75 -2.57892320619252
45.8 -2.70595375348331
45.85 -2.48078591643688
45.9 -3.25514356584669
45.95 -3.24040351574098
46 -3.46052851593832
46.05 -3.97653171056549
46.1 -4.05510064816088
46.15 -4.10510441187926
46.2 -4.8736759517258
46.25 -4.33823265104465
46.3 -5.51292023838818
46.35 -4.55743822667586
46.4 -3.72262317630419
46.45 -3.42216541041382
46.5 -3.14051453371347
46.55 -3.22069737210738
46.6 -3.48936030922589
46.65 -4.01246900666723
46.7 -4.38689394875426
46.75 -4.59215527893268
46.8 -4.61945392696759
46.85 -5.20880605908259
46.9 -4.45008065272345
46.95 -4.01470653618543
47 -3.72288531537811
47.05 -3.50888194177935
47.1 -3.43699804717274
47.15 -3.4223887660132
47.2 -3.41350783656485
47.25 -3.41201743493617
47.3 -3.449888683581
47.35 -3.39380668083109
47.4 -3.33475063809479
47.45 -3.3600190307525
47.5 -3.4409922436802
47.55 -3.44476434734588
47.6 -3.41559043113386
47.65 -3.41318314111168
47.7 -3.42156867528782
47.75 -3.3870000401309
47.8 -3.31782384627569
47.85 -3.38990527127444
47.9 -3.41351434675068
47.95 -3.44512259850318
48 -3.41689626378226
48.05 -3.4146502794554
48.1 -3.42359963378923
48.15 -3.42196593769683
48.2 -3.45868656622375
48.25 -3.41505889601939
48.3 -3.45656890879369
48.35 -3.42456147990798
48.4 -3.426564430699
48.45 -3.39694856747333
48.5 -3.36229909581693
48.55 -3.38206925213754
48.6 -3.45061540219224
48.65 -3.49314406481599
48.7 -3.52251060484185
48.75 -3.52431923768462
48.8 -3.53912902703245
48.85 -3.55437311399637
48.9 -3.52419447345592
48.95 -3.5580762032972
49 -3.54694362579574
49.05 -3.54677681358813
49.1 -3.54644688527506
49.15 -3.54650239197064
49.2 -3.5464526273551
49.25 -3.5464404467541
49.3 -3.54645979594429
49.35 -3.54649977548438
49.4 -3.54652073754947
49.45 -3.54653282504047
49.5 -3.54650107388466
49.55 -3.54646665983075
49.6 -3.54642129153641
49.65 -3.54637871917604
49.7 -3.54636381081741
49.75 -3.54632482466277
49.8 -3.54631782455712
49.85 -3.54628529143776
49.9 -3.54627892028395
49.95 -3.54625200532453

0 -1.08946463578922e-05
0.05 -1.49164887439276e-05
0.1 0.0994579786220106
0.15 0.438463567819382
0.2 0.746576245558209
0.25 0.735019425749909
0.3 1.560786587664
0.35 1.13617405778174
0.4 0.599844951481216
0.45 0.260918688755751
0.5 0.0495957169747819
0.55 0.0394886338684121
0.6 0.0915152740034505
0.65 0.109412539629668
0.7 0.130074053392436
0.75 0.185890147697276
0.8 0.100721700340535
0.85 0.114462502920007
0.9 0.120580467501176
0.95 0.113415916368034
1 0.0662725427899031
1.05 0.158599722412739
1.1 0.151722299838562
1.15 0.179797725880803
1.2 0.178797784946964
1.25 0.141657096681521
1.3 0.104928639641409
1.35 0.221803261312241
1.4 0.167218919310544
1.45 0.17609064292789
1.5 0.164337780798257
1.55 0.190281667833423
1.6 0.199886618595515
1.65 0.235328371705778
1.7 0.294319322319742
1.75 0.363741618164463
1.8 0.429304897896925
1.85 0.461104583596271
1.9 0.467594918224844
1.95 0.398586901254858
2 0.461842677467261
2.05 0.47001718838998
2.1 0.467415625742201
2.15 0.470402599265512
2.2 0.359982536811764
2.25 0.0369602242763544
2.3 -0.166717361491355
2.35 -0.366100434855147
2.4 -0.73870663677724
2.45 -1.37206498726832
2.5 -1.36401317179066
2.55 -1.66763635235741
2.6 -1.92306307938527
2.65 -1.83072677584463
2.7 -1.92544412949625
2.75 -1.38853327211515
2.8 -0.704743438865131
2.85 -0.49700570115105
2.9 -0.45485512862914
2.95 -0.48415815319216
3 -0.642472719461788
3.05 -0.905912294466268
3.1 -1.06842042924164
3.15 -1.50532169780202
3.2 -1.67826120916802
3.25 -1.96898886677811
3.3 -2.1417369592118
3.35 -2.3114400311787
3.4 -2.58128946533925
3.45 -2.9002163175945
3.5 -3.02330218112785
3.55 -2.97124870290475
3.6 -3.06658887113021
3.65 -4.02411862483599
3.7 -3.79924609405664
3.75 -4.04168842181005
3.8 -4.56328985841578
3.85 -4.60029214298581
3.9 -3.44075715104689
3.95 -4.00396564729154
4 -3.0363166599407
4.05 -2.77345615948432
4.1 -2.6639605548514
4.15 -2.71563998611642
4.2 -2.80205539092196
4.25 -2.76057245906788
4.3 -2.65891375587204
4.35 -2.69247756397596
4.4 -2.64729768924326
4.45 -2.60743674805094
4.5 -2.66529812215882
4.55 -2.60102910047773
4.6 -2.33620211163439
4.65 -2.41905470710502
4.7 -2.48491592097764
4.75 -2.27529706148538
4.8 -2.45023360683208
4.85 -2.49728757700476
4.9 -2.58652407007112
4.95 -2.68906775358837
5 -2.76437113113881
5.05 -2.77620383580023
5.1 -2.66580239441807
5.15 -2.63345123813087
5.2 -2.6595239027559
5.25 -2.72542567221691
5.3 -2.75176781941487
5.35 -2.75334336986917
5.4 -2.72021708943091
5.45 -2.74930662524037
5.5 -2.79262311840276
5.55 -2.76664150849867
5.6 -2.73054013178993
5.65 -2.73874499993823
5.7 -2.73923877144458
5.75 -2.69010536372372
5.8 -2.65855267321286
5.85 -2.64342826744254
5.9 -2.68541202597206
5.95 -2.69231207937163
6 -2.6830983409223
6.05 -2.66267092084278
6.1 -2.6235496137448
6.15 -2.694271430276
6.2 -2.74001875767866
6.25 -2.60632348733492
6.3 -2.65969269832774
6.35 -2.70156056784596
6.4 -2.68236152453225
6.45 -2.73553218630613
6.5 -2.80053664025077
6.55 -3.25532785131479
6.6 -3.42788849029954
6.65 -3.91889175286335
6.7 -4.08970169250842
6.75 -4.23747878905757
6.8 -4.30096606475985
6.85 -4.61812617656734
6.9 -4.2487490565524
6.95 -5.47263481129802
7 -5.00707359263944
7.05 -5.44535802792569
7.1 -5.68871282684783
7.15 -5.87310011784569
7.2 -6.06804506876355
7.25 -6.33224136691921
7.3 -6.30647515699095
7.35 -5.91618799950592
7.4 -5.09947851355975
7.45 -4.75764462314659
7.5 -4.54876790118315
7.55 -4.61810443161565
7.6 -4.62148746986247
7.65 -4.61705433666614
7.7 -4.75074812589678
7.75 -4.59180057728827
7.8 -4.5477875826463
7.85 -4.51448149577775
7.9 -4.53285717736633
7.95 -4.53827602777678
8 -4.56681800951424
8.05 -4.55791017053374
8.1 -4.50282201651157
8.15 -4.53628710051176
8.2 -4.51876199249439
8.25 -4.53554853083837
8.3 -4.5216941464749
8.35 -4.53279931393069
8.4 -4.59619010831963
8.45 -4.58702246295927
8.5 -4.53140791404237
8.55 -4.62327253782132
8.6 -4.63041165563991
8.65 -4.73263184128906
8.7 -4.88820807785862
8.75 -5.23872195041517
8.8 -5.35989801879369
8.85 -5.68168440497338
8.9 -5.7828417530619
8.95 -6.23589882884248
9 -5.69185166665036
9.05 -7.09395370265313
9.1 -6.94966084069496
9.15 -6.85350288866857
9.2 -7.50924407224903
9.25 -7.53347036324761
9.3 -6.96319017989026
9.35 -8.72475793946448
9.4 -8.23983125406608
9.45 -8.78226600164011
9.5 -8.9220724242001
9.55 -9.29714509885237
9.6 -9.33119870295615
9.65 -8.72771965856187
9.7 -8.06053270009074
9.75 -7.63006607990433
9.8 -7.5528614385089
9.85 -7.70635204914319
9.9 -8.31754007747514
9.95 -8.09726879776356
10 -7.79272736891411
10.05 -7.50058334417447
10.1 -7.4958645752553
10.15 -7.50056483954072
10.2 -7.55820754027339
10.25 -7.47271498519227
10.3 -7.45154226645154
10.35 -7.3969589331563
10.4 -7.41162033868901
10.45 -7.43504938448304
10.5 -7.38892270813972
10.55 -7.39586165623962
10.6 -7.40637722462522
10.65 -7.43270332909054
10.7 -7.41453343866061
10.75 -7.40733187522779
10.8 -7.42828829507023
10.85 -7.45737408791978
10.9 -7.48348784101714
10.95 -7.42147633157912
11 -7.41575326301988
11.05 -7.40414564847274
11.1 -7.42829597213648
11.15 -7.37332441454781
11.2 -7.43654526894979
11.25 -7.46667615938139
11.3 -7.48438712711325
11.35 -7.51717244080519
11.4 -7.50774177023135
11.45 -7.86912242001027
11.5 -8.05152086708095
11.55 -8.66189700051613
11.6 -8.69952106468178
11.65 -8.98586703735281
11.7 -9.05322813685559
11.75 -9.30125992012958
11.8 -9.32086563667261
11.85 -9.66548519693785
11.9 -9.50176128528963
11.95 -10.1694961504266
12 -10.2777819382684
12.05 -10.3347657969911
12.1 -10.04171230762
12.15 -11.20372213239
12.2 -11.0698264736378
12.25 -11.1791918600781
12.3 -10.7071007934377
12.35 -10.000512589529
12.4 -9.55136613871943
12.45 -9.36094933713965
12.5 -9.49810421733825
12.55 -9.46807054343397
12.6 -9.34206133000515
12.65 -9.33696177896272
12.7 -9.33326054746185
12.75 -9.34369596669378
12.8 -9.33031154722895
12.85 -9.32133783651794
12.9 -9.24068572021088
12.95 -9.31023341541913
13 -9.35783617454713
13.05 -9.49105252619937
13.1 -9.71109913552888
13.15 -10.0542760104536
13.2 -10.374254996825
13.25 -10.5748579089248
13.3 -10.8180767408963
13.35 -10.9617801819696
13.4 -10.7987501302949
13.45 -11.5444156709534
13.5 -11.4253829855094
13.55 -11.4976247186442
13.6 -11.7793482113039
13.65 -11.8359058098057
13.7 -12.2830832679863
13.75 -12.3947512717782
13.8 -12.7685568917506
13.85 -12.8884677115742
13.9 -13.315075569751
13.95 -13.3838660817196
14 -14.7561138479358
14.05 -14.3264118737404
14.1 -14.7224003804025
14.15 -14.7710953467907
14.2 -14.109723756628
14.25 -13.4889870612854
14.3 -13.0225007522138
14.35 -12.9577160166393
14.4 -12.9370745717776
14.45 -12.9323365116648
14.5 -12.9883634948871
14.55 -12.8700901631194
14.6 -12.8152630196597
14.65 -12.8561358685958
14.7 -12.8057256794475
14.75 -12.8658346478768
14.8 -12.882088250429
14.85 -12.848314118872
14.9 -12.8645987363856
14.95 -12.8255371383024
15 -12.8640463582811
15.05 -12.8278524630891
15.1 -12.7737805995977
15.15 -12.8157206890049
15.2 -12.8534120008275
15.25 -12.8897206004846
15.3 -12.8487111873993
15.35 -12.8445510315283
15.4 -12.8289267395265
15.45 -12.8716273731453
15.5 -12.8569346209129
15.55 -12.8318762066619
15.6 -12.8867566302145
15.65 -12.8990182794699
15.7 -12.7990564928113
15.75 -12.891267269304
15.8 -12.5111510521266
15.85 -12.1962040350568
15.9 -12.0664310641962
15.95 -11.6073609478684
16 -11.4773551484592
16.05 -11.4237049411512
16.1 -11.2510902844111
16.15 -11.4841703622541
16.2 -10.6226467274823
16.25 -10.6880172219549
16.3 -10.4263575027355
16.35 -10.5005516287303
16.4 -10.113636884083
16.45 -9.90584274495393
16.5 -10.0191052009238
16.55 -9.28417201586175
16.6 -9.1676786868461
16.65 -8.93736089346076
16.7 -8.76384196485288
16.75 -8.13970465205223
16.8 -8.4397357156886
16.85 -9.22350649250198
16.9 -9.70713234968836
16.95 -10.0345359737158
17 -10.1061630937072
17.05 -9.80969902099879
17.1 -9.43190171890946
17.15 -9.09422647939067
17.2 -8.84180540986174
17.25 -8.52513944983096
17.3 -8.40626902134001
17.35 -8.3450868700531
17.4 -8.53647617040775
17.45 -9.07965028505575
17.5 -9.46944308844556
17.55 -9.72304354378051
17.6 -9.77150823954356
17.65 -9.72175931787325
17.7 -9.67543388215263
17.75 -9.66499099319048
17.8 -9.68731275478437
17.85 -9.68077617160179
17.9 -9.66400047872101
17.95 -9.648693726519
18 -9.53955783154948
18.05 -9.53328667427167
18.1 -9.29198875987228
18.15 -8.65532217996484
18.2 -8.49998620652566
18.25 -8.18629962828891
18.3 -8.05240183151563
18.35 -7.89245291452106
18.4 -7.47687836356668
18.45 -8.05291352787559
18.5 -8.29203886591065
18.55 -9.03337674266966
18.6 -9.22378015876843
18.65 -9.25332462341218
18.7 -9.25999743607201
18.75 -9.25270163572942
18.8 -9.2605862928721
18.85 -9.25473326594348
18.9 -9.24954854298035
18.95 -9.25862160232373
19 -9.25906327859564
19.05 -9.23318140074625
19.1 -9.15053512731811
19.15 -9.19798653169074
19.2 -9.18380210285014
19.25 -9.17439777870909
19.3 -9.19686907054241
19.35 -9.14576073948758
19.4 -9.17990974969217
19.45 -9.20698037085833
19.5 -9.14067941840844
19.55 -9.21067696595518
19.6 -9.20573688201898
19.65 -9.12489551434341
19.7 -8.83790274525781
19.75 -8.41873070623515
19.8 -8.10690961728894
19.85 -7.98939647883588
19.9 -7.79109931605576
19.95 -7.75581273432632
20 -7.59616653231686
20.05 -8.18588468164992
20.1 -8.80239717682322
20.15 -8.9755307063649
20.2 -9.04834601881013
20.25 -8.99436688640478
20.3 -8.98616254770382
20.35 -8.96377952592248
20.4 -8.98113651325696
20.45 -8.99437385149516
20.5 -8.94621588021716
20.55 -9.01129733728959
20.6 -8.99719048417689
20.65 -9.02312528976107
20.7 -9.02390318426616
20.75 -9.04225183955424
20.8 -9.02675717967337
20.85 -9.01591018012892
20.9 -8.54967255163098
20.95 -8.24681534110884
21 -7.98972284871064
21.05 -8.0929955675585
21.1 -8.23245272173439
21.15 -8.36980743114227
21.2 -8.54030355243373
21.25 -8.77135915999515
21.3 -8.83551953747051
21.35 -9.23600813574956
21.4 -9.26132161141873
21.45 -9.00582465075062
21.5 -8.91330956928716
21.55 -8.96899224991718
21.6 -8.9749518638893
21.65 -8.96479014105405
21.7 -8.49602584111098
21.75 -8.22561636548951
21.8 -8.24274410306718
21.85 -8.98001706162764
21.9 -9.11840380879609
21.95 -8.9314604631524
22 -8.97558241361916
22.05 -8.99098289850707
22.1 -8.97468083688254
22.15 -8.92858364137949
22.2 -8.56358602784498
22.25 -8.12390825349538
22.3 -7.42971786275703
22.35 -7.68457094026617
22.4 -8.08341301247428
22.45 -8.45826769658331
22.5 -8.83431939830195
22.55 -8.43017903551917
22.6 -8.14744211274826
22.65 -7.85910798911706
22.7 -7.7130742575476
22.75 -7.31759228255076
22.8 -7.26308090099676
22.85 -7.22414586203791
22.9 -6.49436247652124
22.95 -6.72594559595375
23 -6.50579782640024
23.05 -6.57952057054445
23.1 -7.17261612725051
23.15 -7.66271577186147
23.2 -7.9564696859504
23.25 -8.09864800515041
23.3 -8.10120256655129
23.35 -8.08693372309485
23.4 -8.08150443093333
23.45 -8.08588566679138
23.5 -8.08566833341943
23.55 -8.09878804130601
23.6 -8.10347550797667
23.65 -8.04999749550128
23.7 -8.05859531355867
23.75 -8.02684117004788
23.8 -7.99532945283398
23.85 -8.02480083140542
23.9 -7.99950418717919
23.95 -7.99183058377569
24 -8.01034159033254
24.05 -7.98099475334707
24.1 -8.04198031995362
24.15 -8.04804673137358
24.2 -8.10177463919711
24.25 -8.16178806565817
24.3 -8.21629518697296
24.35 -8.24357400953149
24.4 -8.22559436827658
24.45 -8.23243554608198
24.5 -8.08568894444974
24.55 -7.63757062667262
24.6 -7.16066896358401
24.65 -6.86301000940681
24.7 -6.97860838940222
24.75 -6.45436218078179
24.8 -6.23272424926908
24.85 -5.99702116165025
24.9 -5.5935468050313
24.95 -5.64186078536343
25 -5.2847556799916
25.05 -5.76253269651324
25.1 -4.47012862504696
25.15 -6.01067302107934
25.2 -5.80251437839994
25.25 -6.41502294228201
25.3 -6.66729177264224
25.35 -6.67981019319537
25.4 -6.67590757617271
25.45 -6.64422816340443
25.5 -6.67753899244688
25.55 -6.67918227125349
25.6 -6.65917331755664
25.65 -6.6168337536682
25.7 -6.57846521639426
25.75 -6.59946737854453
25.8 -6.59471056237746
25.85 -6.5939424484125
25.9 -6.62775761550662
25.95 -6.56705483437517
26 -6.59800055148584
26.05 -6.60400219057033
26.1 -6.60500834448977
26.15 -6.60604189114706
26.2 -6.52420281706343
26.25 -6.61142683265393
26.3 -6.60661862566341
26.35 -6.4009412709065
26.4 -5.94963365349862
26.45 -5.71862716498572
26.5 -5.51553447131673
26.55 -6.0297202515456
26.6 -6.47699875977579
26.65 -6.6526263103332
26.7 -6.61826153424408
26.75 -6.63159513835602
26.8 -6.58493265136528
26.85 -6.52450964466057
26.9 -6.57867367562903
26.95 -6.57505115313259
27 -6.56687022324115
27.05 -6.57370480657946
27.1 -6.53172168934658
27.15 -6.60969423297847
27.2 -6.63723100618702
27.25 -6.47281072720283
27.3 -6.19909664076835
27.35 -5.72822878386337
27.4 -5.51067367800853
27.45 -5.35005071719715
27.5 -5.29885500170829
27.55 -4.92591037306024
27.6 -5.3001740281327
27.65 -6.1616229157904
27.7 -3.32899861630255
27.75 -3.62899678020559
27.8 -4.14235437325516
27.85 -3.88796309164928
27.9 -3.66273978564743
27.95 -3.44453402241132
28 -3.48307871125037
28.05 -2.86709881419633
28.1 -3.50133976378393
28.15 -3.60659281986342
28.2 -4.41979637623686
28.25 -4.68597917398039
28.3 -4.74697086694249
28.35 -4.61070468427665
28.4 -4.65224712708617
28.45 -4.61042060264962
28.5 -4.65438915574572
28.55 -4.66341072972014
28.6 -4.66212472154126
28.65 -4.63869691961745
28.7 -4.63808292226576
28.75 -4.66706151537081
28.8 -4.69197970992897
28.85 -4.66020583623174
28.9 -4.63551793097982
28.95 -4.66346343366194
29 -4.67380403177724
29.05 -4.67356119901358
29.1 -4.62149985382151
29.15 -4.66283649604283
29.2 -4.65101714482601
29.25 -4.67221883116986
29.3 -4.61763320906035
29.35 -4.64183814465866
29.4 -4.64395624215577
29.45 -4.68641287423953
29.5 -4.63413630357288
29.55 -4.63107584116235
29.6 -4.49234219574829
29.65 -4.46745526220405
29.7 -4.5424566142125
29.75 -4.05852064311806
29.8 -3.72761881081828
29.85 -4.11589512362468
29.9 -3.20160994244208
29.95 -2.77196228971586
30 -3.38055565064844
30.05 -1.50246249931861
30.1 -2.01572286054676
30.15 -1.64039698015478
30.2 -1.45643363467916
30.25 -0.864599150383993
30.3 -0.693988972703391
30.35 0.0206254293814994
30.4 0.19365552492349
30.45 0.502797521107331
30.5 0.887849133702951
30.55 0.951281425950563
30.6 1.59411769780685
30.65 1.70099020784603
30.7 1.25871712814054
30.75 0.64557470068924
30.8 0.220631625693386
30.85 -0.15166687364317
30.9 -0.147169278024261
30.95 -0.0236197592528875
31 0.433811938783262
31.05 1.24041493362871
31.1 1.42357040837313
31.15 1.30654632920939
31.2 1.7399026125521
31.25 1.89228615403947
31.3 1.99770982584566
31.35 1.65929428438096
31.4 2.65722198771168
31.45 2.95675312981623
31.5 2.9837939558935
31.55 2.88882767010856
31.6 3.40162030966909
31.65 2.98130357185282
31.7 2.3127927881539
31.75 1.85602353989927
31.8 1.87232775446258
31.85 1.64151812221904
31.9 1.61490288341237
31.95 1.66803276438665
32 1.6598467598523
32.05 1.64191776278635
32.1 1.62926040539126
32.15 1.6079369464382
32.2 1.69907716445741
32.25 1.63256177015831
32.3 1.63251353861881
32.35 1.62658448107086
32.4 1.66138676737842
32.45 1.62222481519241
32.5 1.60649719039344
32.55 1.56362912802331
32.6 1.57889501842962
32.65 1.61078875557248
32.7 1.3076724086853
32.75 1.13583794675226
32.8 0.738894449555586
32.85 0.679911510261464
32.9 0.303998017846819
32.95 0.0854445834955491
33 0.0428084764706594
33.05 -0.136060580064484
33.1 -0.448948732484807
33.15 -0.432207818144867
33.2 -0.110384612162667
33.25 -1.52348474613405
33.3 -1.17172126244857
33.35 -1.42327951021947
33.4 -1.73807122819887
33.45 -2.0071452174154
33.5 -2.00132935093458
33.55 -2.42649746613819
33.6 -2.6512597109125
33.65 -2.48210399013333
33.7 -3.1565444410046
33.75 -2.95863613105338
33.8 -3.47280281624185
33.85 -3.82634053747079
33.9 -2.87928052518329
33.95 -4.97170347933121
34 -4.71681496602909
34.05 -4.70466847859765
34.1 -5.12824572579911
34.15 -5.57917755544834
34.2 -5.47009198260778
34.25 -5.03371047415827
34.3 -4.3691102430084
34.35 -4.8549443785824
34.4 -3.98418040419445
34.45 -3.66960589864315
34.5 -3.652698789206
34.55 -3.70888547762778
34.6 -3.70745406344945
34.65 -3.67958313439597
34.7 -3.71549884380124
34.75 -3.61426044438845
34.8 -3.64079420766591
34.85 -3.69402776433654
34.9 -3.69188760939456
34.95 -3.68779211379353
35 -3.66237508753571
35.05 -3.68994388527618
35.1 -3.75160321255425
35.15 -3.76068761440903
35.2 -3.77049033709511
35.25 -3.68888766710071
35.3 -3.73609091273363
35.35 -3.75631534240226
35.4 -3.81669159711218
35.45 -3.81604216584398
35.5 -3.80200104057998
35.55 -3.8328979737404
35.6 -3.84766582757577
35.65 -3.80629391333148
35.7 -3.6293307646874
35.75 -3.00464219878044
35.8 -2.61013813048979
35.85 -2.28467760097212
35.9 -1.94826573291187
35.95 -1.69591800554642
36 -1.5520956083468
36.05 -1.43465434072874
36.1 -1.44001860722705
36.15 -0.979211771171537
36.2 -0.91630854351812
36.25 -0.795689948443318
36.3 -0.184740245112733
36.35 -0.126152851105841
36.4 -0.119521150909032
36.45 0.306040475279341
36.5 0.678607894315461
36.55 1.09917518808233
36.6 1.22859320240117
36.65 1.55184733496793
36.7 1.61861155319238
36.75 2.09076961754417
36.8 1.27437273910888
36.85 3.4027141618747
36.9 2.5585615006447
36.95 3.54990277849641
37 3.0143718061642
37.05 2.34354779378972
37.1 1.78846066372063
37.15 1.58558974450026
37.2 1.48389803027863
37.25 1.47744459871848
37.3 1.51039574650663
37.35 1.51398270420244
37.4 1.47146219042494
37.45 1.49514407603693
37.5 1.48472811022996
37.55 1.48972445043136
37.6 1.55431051265198
37.65 1.46957710465235
37.7 1.50750553398991
37.75 1.45338926664333
37.8 1.63569539200013
37.85 2.21285870734971
37.9 2.46875008869928
37.95 2.90861440060344
38 3.09659211418611
38.05 3.42283566924001
38.1 3.70364747141048
38.15 3.97137300712298
38.2 4.4478253156585
38.25 4.58431290744207
38.3 4.91027694499081
38.35 5.22792178492472
38.4 5.4275172568707
38.45 5.53708421797703
38.5 6.01900022384754
38.55 6.34543816958024
38.6 6.42057393767419
38.65 6.83797162489073
38.7 7.00075558415149
38.75 7.51231258022917
38.8 7.36189237821446
38.85 6.71770594378762
38.9 6.31449500696674
38.95 5.85492555276834
39 5.7989870504533
39.05 6.25163731492016
39.1 6.44204938906122
39.15 6.95126182389938
39.2 6.79523546555076
39.25 7.37303759475179
39.3 7.35543540151728
39.35 6.71878987798969
39.4 6.31810011620671
39.45 6.13368167985853
39.5 6.00882545918777
39.55 6.00146517682724
39.6 5.97402363127648
39.65 5.99762512380015
39.7 6.02270130559833
39.75 5.98097716497996
39.8 6.01063316270895
39.85 5.97240114188128
39.9 5.95897512391235
39.95 5.98059827718102
40 6.03848744374145
40.05 6.0255007726494
40.1 5.99951710094722
40.15 6.03370570733195
40.2 6.22043166631182
40.25 6.73800818856623
40.3 7.13227041246693
40.35 7.52538153996019
40.4 7.65996821260604
40.45 7.39943418277004
40.5 7.21190461931792
40.55 6.52309950071662
40.6 6.2093685353462
40.65 6.07495877939532
40.7 6.16925993862674
40.75 6.17026845307023
40.8 6.16306601279899
40.85 6.1587827313863
40.9 6.15792730231767
40.95 6.15901976221111
41 6.1584981902511
41.05 6.15530362627798
41.1 5.88457952475855
41.15 5.63875919185356
41.2 5.29456479977623
41.25 4.64904138012454
41.3 4.68670592384802
41.35 4.36444876192932
41.4 4.08066441737155
41.45 4.11097498669008
41.5 3.79655749611836
41.55 3.53348673169009
41.6 3.70797151993628
41.65 3.48812089906875
41.7 3.02352003989137
41.75 3.75242031548713
41.8 2.22451028732392
41.85 2.69839881089255
41.9 2.47969723646991
41.95 2.63950506661821
42 2.04495977805356
42.05 1.45657273667396
42.1 1.35262016243026
42.15 1.17522285473793
42.2 1.16846462615306
42.25 0.6734888037246
42.3 0.908531578149029
42.35 -0.267743799412792
42.4 0.197915594705369
42.45 -0.251121968897044
42.5 -0.421730222838969
42.55 0.234121900411311
42.6 0.798782235043698
42.65 1.2455873724398
42.7 1.47954457203064
42.75 1.45151149872391
42.8 1.4428663062238
42.85 1.42971238602697
42.9 1.27489549329511
42.95 0.892193643347553
43 0.711318255196921
43.05 0.875369108064414
43.1 1.26894764094025
43.15 1.4202263387742
43.2 1.42603146956798
43.25 1.42007444090518
43.3 1.41962222813655
43.35 1.5129904606338
43.4 1.52353777892418
43.45 1.51225642077776
43.5 1.51663349468824
43.55 1.51018634233099
43.6 1.51399886068786
43.65 1.49877195680531
43.7 1.6637746844192
43.75 2.16571273617489
43.8 2.32506921881282
43.85 2.78859579858618
43.9 3.3092760840536
43.95 3.26752936743396
44 3.58945416111419
44.05 3.54376806136526
44.1 3.0593880382546
44.15 2.77255318069708
44.2 2.29809210312658
44.25 2.05394629085458
44.3 1.92690242887563
44.35 1.99579342677737
44.4 1.96482799744386
44.45 1.96976691851368
44.5 1.96108985307427
44.55 1.96397278207172
44.6 1.96414066292918
44.65 1.9641436304079
44.7 1.96488280614819
44.75 1.99459756156903
44.8 1.91327030942714
44.85 1.96626394030235
44.9 1.96037160973363
44.95 1.96030043044342
45 1.96452905521489
45.05 1.96559937969122
45.1 1.918793962624
45.15 1.73615634176366
45.2 1.43403843319796
45.25 1.41297181319873
45.3 1.12517644686998
45.35 1.29764058159707
45.4 1.01203850859571
45.45 1.50543652870768
45.5 1.94948514880152
45.55 1.4139349225507
45.6 1.15272189532228
45.65 0.629715348987359
45.7 0.85067307994954
45.75 -0.0268637172740722
45.8 -0.153889701231063
45.85 0.0712780008595494
45.9 -0.703078203274583
45.95 -0.688341385081193
46 -0.908466944725587
46.05 -1.42447292665907
46.1 -1.50304025286165
46.15 -1.5530459337172
46.2 -2.32162009768069
46.25 -1.78617648609449
46.3 -2.960868357418
46.35 -2.00538701023134
46.4 -1.17057091545477
46.45 -0.870109241258859
46.5 -0.588456646255751
46.55 -0.668642222469605
46.6 -0.937308137539382
46.65 -1.46041506407749
46.7 -1.83483709452991
46.75 -2.04009379699643
46.8 -2.06739208503632
46.85 -2.6567431370924
46.9 -1.8980144558589
46.95 -1.46263883736703
47 -1.17081278618338
47.05 -0.956806467506611
47.1 -0.88492417535398
47.15 -0.87031714291118
47.2 -0.861440423131725
47.25 -0.859949015695986
47.3 -0.897818614823171
47.35 -0.841732623796722
47.4 -0.782675905276719
47.45 -0.807942328208109
47.5 -0.888912200028665
47.55 -0.892681933670998
47.6 -0.863506175201764
47.65 -0.86109619044933
47.7 -0.869481330780135
47.75 -0.834915738461154
47.8 -0.765740824586539
47.85 -0.837826565599568
47.9 -0.861437908074676
47.95 -0.893048731538759
48 -0.864817965343776
48.05 -0.862569344827243
48.1 -0.871519503990209
48.15 -0.869881959937874
48.2 -0.906605451906267
48.25 -0.862979561143375
48.3 -0.904487413280666
48.35 -0.8724829377787
48.4 -0.874485791793689
48.45 -0.844872910191828
48.5 -0.8102225288457
48.55 -0.829991212896956
48.6 -0.898537820261883
48.65 -0.94106243607152
48.7 -0.970429467722227
48.75 -0.972237818221769
48.8 -0.987045539328575
48.85 -1.00229046128998
48.9 -0.97211068768858
48.95 -1.00599079663573
49 -0.994856020118464
49.05 -0.994681948197139
49.1 -0.994344891370414
49.15 -0.994398790326797
49.2 -0.994346031225946
49.25 -0.994336300186282
49.3 -0.994360021283028
49.35 -0.994399864060379
49.4 -0.994420746573393
49.45 -0.994432667414574
49.5 -0.994400400457058
49.55 -0.994365986403155
49.6 -0.994320618108816
49.65 -0.994278045748446
49.7 -0.994262331102915
49.75 -0.994223344948275
49.8 -0.994216144714239
49.85 -0.99418361159488
49.9 -0.994177240441071
49.95 -0.994150325481643